64
64
0
0
0
0
15
45
12
36
1
34
12
1
34
1
1
2
2
1
14
8
74
49
12
34
6
6
6
44
6
5
6
3
15
3
3
3
6
4
5
6
4
4
6
65
5
6
4
4
6
59
7
7
7
5
7
7
64
5
7
7
6
7
5
10
7
7
6
75
33
11
34
33
34
33
82
33
33
33
12
14
12
12
2
12
14
66
13
65
39
1
1
13
1
34
13
14
14
8
13
35
34
37
9
64
37
59
10
10
10
74
45
65
45
10
10
10
83
11
11
11
11
11
11
11
88
8
8
8
39
8
8
12
8
12
13
13
14
14
14
14
14
13
8
15
8
65
15
0
15
18
22
22
22
22
24
22
27
16
22
17
17
16
17
27
17
17
16
25
20
18
18
17
18
20
24
26
16
18
18
21
19
26
19
19
19
19
20
20
21
19
19
19
22
18
22
23
22
26
22
19
20
22
22
23
26
24
24
16
24
16
20
24
23
25
21
25
25
22
24
23
28
23
23
18
20
18
21
22
29
29
9
26
27
19
16
18
27
27
27
27
18
18
29
18
24
25
28
28
28
74
22
18
18
19
23
21
28
29
29
29
18
29
29
21
21
21
16
30
28
30
30
30
30
31
31
30
30
28
30
32
32
59
24
32
31
31
32
32
32
30
32
32
37
35
15
74
30
34
34
33
33
33
33
33
33
33
33
33
33
5
33
5
33
33
33
33
33
66
74
34
34
34
33
34
34
10
10
10
9
9
65
45
66
9
9
37
9
34
36
24
35
36
35
35
35
35
31
31
31
36
36
36
31
9
9
37
37
45
37
79
79
45
64
64
23
38
38
38
38
38
38
38
38
38
12
38
38
38
38
38
38
64
38
35
39
39
39
0
10
50
39
39
0
0
10
10
65
61
82
59
40
71
71
71
48
63
57
44
79
61
67
82
59
83
42
62
74
74
40
41
40
75
78
52
44
81
45
73
73
56
40
49
74
79
68
48
81
49
81
81
48
74
60
42
43
49
41
52
41
74
45
80
78
44
41
82
43
49
87
81
66
45
79
82
65
78
63
77
45
71
87
46
70
75
75
46
43
68
67
72
67
47
55
72
40
75
74
64
49
74
54
80
41
80
70
48
78
46
86
61
49
81
59
79
41
59
53
78
55
68
46
40
79
49
59
62
49
43
56
77
50
50
51
52
53
53
41
75
67
44
41
70
54
41
55
69
48
43
55
40
40
49
77
41
40
63
54
43
72
44
70
54
55
57
54
50
50
50
73
57
65
46
56
52
40
77
70
57
82
67
45
57
45
57
59
44
61
41
41
68
78
41
74
81
58
66
49
49
53
70
72
50
50
58
66
46
53
33
41
61
50
69
81
75
59
44
82
63
82
43
60
72
61
75
74
82
79
41
53
58
65
66
78
55
74
63
55
50
82
81
72
44
41
44
74
81
42
42
66
50
59
44
66
62
52
45
80
86
74
54
50
79
63
50
68
71
70
45
64
64
64
64
64
64
64
64
64
64
65
65
65
65
65
66
66
66
66
66
65
65
64
65
65
65
65
48
65
61
69
50
43
87
41
49
50
61
48
74
79
62
50
52
67
63
41
67
45
74
46
81
81
43
44
51
41
68
41
81
81
74
65
62
55
45
46
39
59
56
69
74
72
50
63
70
75
81
84
79
46
74
53
80
71
72
44
81
79
45
45
68
50
45
72
41
45
63
59
72
54
59
78
46
74
56
79
74
73
74
75
54
74
81
75
61
40
46
44
75
55
74
53
41
46
75
46
44
78
80
74
59
41
49
79
76
75
61
43
80
78
75
76
58
79
41
70
41
49
77
53
65
57
74
55
49
64
68
44
40
39
52
45
74
70
66
44
72
77
63
45
56
47
55
61
64
75
75
81
52
41
75
42
50
41
74
56
71
72
79
59
41
64
74
66
49
58
41
66
59
78
79
50
49
57
78
58
57
44
61
60
55
74
48
63
40
79
80
65
41
60
59
45
81
48
70
67
61
52
40
42
79
44
74
80
71
79
72
81
45
47
44
59
49
41
41
82
81
71
77
45
70
74
87
55
41
43
78
43
62
57
43
43
83
83
77
77
77
77
50
83
83
83
83
83
83
84
84
84
84
83
83
83
84
84
85
39
88
85
85
85
85
85
84
85
85
84
85
47
77
77
83
83
83
83
83
45
77
79
81
86
62
86
10
39
52
86
87
87
86
86
73
50
15
39
39
39
41
85
74
88
88
39
88
88
88
88
88
66
49
