0000047
0000051
0000059
0000072
0000087
0000176
0000382
0000631
0000643
0000697
0000759
0000794
0000952
0001677
0002136
0002395
0002755
0003178
0003423
0003463
0003728
0003793
0003957
0004028
0004069
0004294
0004498
0004774
0005074
0005079
0005633
0006575
0007323
0007545
0007932
0009212
0010830
0010950
0011003
0011033
0011073
0011088
0011116
0011154
0100026
0100030
0100061
0100091
0100113
0100132
0100164
0100241
0100477
0100579
0100628
0100740
0100787
0100822
0100851
0100855
0100892
0100935
0101060
0101121
0101434
0101463
0101488
0101492
0101801
0102039
0102170
0102234
0102403
0102435
0102436
0102534
0102544
0102566
0103256
0103344
0103420
0103468
0103740
0104019
0104194
0104439
0104463
0104552
0104808
0104958
0105003
0105064
0105146
0105159
0105305
1000061
1000063
1000097
1000105
1000288
1000351
1000413
1000505
1000580
1000615
1000731
1000875
1000882
1000929
1000947
1000993
1001184
1001195
1001252
1001685
1001688
1001770
1001794
1001875
1001944
1100001
1100002
1100003
1100004
1100005
1100006
1100007
1100008
1100009
1100011
1100013
1100014
1100015
1100016
1100017
1100023
1100025
1100027
1100029
1100030
1100031
2000001
2000002
2000003
2000004
2000008
2000012
2000019
2000022
2000023
2000025
2000028
2000030
2000031
2000032
2000033
2000034
2000035
2000036
2000037
2000039
2000041
2000042
2000043
2000044
3000072
3000076
3000099
3000119
3000148
3000299
3000323
3000454
3000469
3000676
3000716
3000759
3000945
3001004
3001018
3001061
3001131
3001230
3001319
3001336
3001421
3001460
3001555
3001569
3001667
3001751
3001767
3001826
3001891
3001976
3002020
3002059
3002082
3002154
3002206
3002221
3002340
3002366
3002411
3002594
3002905
3002909
3003122
3003322
3003328
3003356
3003448
3003731
3003791
3003817
4000066
4000086
4100066
4100246
4100280
5000016
5000119
5000120
5000121
5000122
5000123
5000124
5000125
5000126
5000127
5000128
5000129
5000130
5000131
5000132
5000133
5000137
5000144
5000147
5000149
5000150
5000162
5000163
5000164
5000165
5000166
5000168
5000172
5000173
5000174
5000175
5000176
5000180
5000181
5000182
5000183
5000184
5000188
5000190
5000191
5000192
5000194
5000195
5000196
5000197
5000198
5000199
5000200
5000201
5000202
5000203
5000204
5000205
5000226
5000234
5000257
5000264
5000265
6000000
6000001
6000002
6000003
6000004
6000005
6000006
6000007
6000008
6000009
6000010
6000011
6000012
6000013
6000014
6000015
6000016
6000017
6000018
6000019
6000020
6000021
6000022
6000023
6000024
6000025
6000026
6000027
6000028
6000029
6000030
6000031
6000032
6000033
6000034
6000035
6000036
6000037
6000038
6000039
6000040
6000041
6000042
6000043
6000044
6000045
6000046
6000047
6000048
6000049
6000050
6000051
6000052
6000053
6000054
6000055
6000056
6000057
6000058
6000059
6000060
6000061
6000062
6000063
6000064
6000065
6000066
6000067
6000068
6000069
6000070
6000071
6000072
6000073
6000074
6000075
6000076
6000077
6000078
6000079
6000080
6000081
6000082
6000083
6000084
6000085
6000086
6000087
6000088
6000089
6000090
6000091
6000092
6000093
6000094
6000095
6000096
6000097
6000098
6000099
6000100
6000101
6000102
6000103
6000104
6000105
6000106
6000107
6000108
6000109
6000110
6000111
6000112
6000113
6000114
6000115
6000116
6000117
6000118
6000119
6000120
6000121
6000122
6000123
6000124
6000125
6000126
6000127
6000128
6000129
6000130
6000131
6000132
6000133
6000134
6000135
6000136
6000137
6000138
6000139
6000140
6000141
6000142
6000143
6000144
6000145
6000146
6000147
6000148
6000149
6000150
6000151
6000152
6000153
6000154
6000155
6000156
6000157
6000158
6000159
6000160
6000161
6000162
6000163
6000164
6000165
6000166
6000167
6000168
6000169
6000170
6000171
6000172
6000173
6000174
6000175
6000176
6000177
6000178
6000179
6000180
6000181
6000182
6000183
6000184
6000185
6000186
6000187
6000188
6000189
6000190
6000191
6000192
6000193
6000194
6000195
6000196
6000197
6000198
6000199
6000200
6000201
6000202
6000203
6000204
6000205
6000206
6000207
6000208
6000209
6000210
6000211
6000212
6000213
6000214
6000215
6000216
6000217
6000218
6000219
6000220
6000221
6000222
6000223
6000224
6000225
6000226
6000227
6000228
6000229
6000230
6000231
6000232
6000233
6000234
6000235
6000236
6000237
6000238
6000239
6000240
6000241
6000242
6000243
6000244
6000245
6000246
6000247
6000248
6000249
6000250
6000251
6000252
6000253
6000254
6000255
6000256
6000257
6000258
6000259
6000260
6000261
6000262
6000263
6000264
6000265
6000266
6000267
6000268
6000269
6000270
6000271
6000272
6000273
6000274
6000275
6000276
6000277
6000278
6000279
6000280
6000281
6000282
6000283
6000284
6000285
6000286
6000287
6000288
6000289
6000290
6000291
6000292
6000293
6000294
6000295
6000296
6000297
6000298
6000299
6000300
6000301
6000302
6000303
6000304
6000305
6000306
6000307
6000308
6000309
6000310
6000311
6000312
6000313
6000314
6000315
6000316
6000317
6000318
6000319
6000320
6000321
6000322
6000323
6000324
6000325
6000326
6000327
6000328
6000329
6000330
6000331
6000332
6000333
6000334
6000335
6000336
6000337
6000338
6000339
6000340
6000341
6000342
6000343
6000344
6000345
6000346
6000347
6000348
6000349
6000350
6000351
6000352
6000353
6000354
6000355
8000811
8001155
8001974
8002274
8002764
8003131
8003836
8003952
8004573
8005616
8006160
8006302
8008099
8008545
8008998
9000001
9000002
9000003
9000029
9000127
9000136
9000210
9000288
9000395
9000747
9000868
9000875
9000928
9000933
9000989
9001001
9001034
9001071
9001184
9001300
9001317
9001619
9001713
9001991
9002004
9002021
9002090
9002114
9002474
9002577
9002827
9002861
9002972
9003116
9003135
9003234
9003250
9003301
9003333
9003339
9003378
9003423
9003585
9003635
9003836
9004060
9004066
9004070
9004199
9004242
9004294
9004353
9004368
9004383
9004427
9004520
9004581
9004766
9004879
9004965
9004971
9005011
9005105
9005245
9005273
9005294
