6000249
9000003
6000012
6000055
2000031
5000205
3001061
6000349
3003817
2000003
6000074
6000231
1100015
6000256
6000131
6000121
6000354
0101488
1100003
1001770
0104194
9005245
5000147
3001555
6000126
0000382
6000309
1000929
6000103
3001826
6000177
5000150
0100091
3001667
0102039
6000036
6000117
6000053
8008099
6000304
6000228
6000034
6000115
6000089
1100031
3000099
6000023
2000039
6000003
6000245
0003957
6000043
6000269
5000176
3002366
0104958
6000317
8003836
0103740
6000025
6000224
5000195
6000069
6000192
0003728
6000244
0001677
6000060
6000220
0100061
6000144
6000226
5000133
6000114
6000000
6000165
1001944
6000259
6000051
2000032
1001252
6000346
1100016
0104463
6000223
1001794
5000149
0011154
6000208
5000181
5000121
1100027
0105003
6000138
6000160
6000149
6000235
6000164
1000105
5000180
9004965
9002972
6000119
6000070
6000329
6000313
9004353
6000351
0105305
6000030
6000338
0000759
6000045
6000255
0007932
3002206
6000032
6000145
0004294
0102566
9001034
6000133
6000019
6000258
3003731
9003250
6000075
3000676
9003378
6000015
6000006
0100851
0100113
6000090
6000166
3003322
6000027
6000334
1100023
6000196
8006302
3003791
3001569
5000192
9005011
5000257
1001875
6000099
6000337
6000246
6000159
9005273
6000324
6000064
4000066
0101121
1000875
6000311
0000087
0000697
6000185
6000292
3001891
6000104
6000270
5000191
3002340
3000716
6000125
6000227
6000139
1000947
0000072
1100005
5000173
6000088
6000155
6000268
6000017
0003793
1100006
8008998
6000097
6000039
9002474
6000332
1100004
6000308
0003463
6000217
6000113
1100030
6000158
5000199
5000125
1000615
1000061
6000219
9000875
9004070
6000316
9001619
6000072
6000120
0100855
9003339
1000731
0000051
6000098
6000157
6000213
6000109
4100246
0102403
6000178
6000296
6000294
6000002
6000167
6000184
6000014
0104552
5000196
6000234
6000239
0100787
6000264
6000307
6000275
3002594
6000162
6000287
5000200
6000325
9003234
6000194
3002905
6000266
0007323
2000043
5000131
0102436
6000146
3001336
6000327
1000413
5000204
6000345
0011116
0102234
0002755
6000080
6000065
6000286
6000221
0100935
3001976
6000230
2000008
3001319
5000124
3001460
6000022
6000183
0000631
0005079
6000093
6000028
5000127
6000312
2000030
6000105
9001001
3000299
6000054
5000144
2000012
6000180
1100025
6000082
6000048
3000945
6000087
6000095
0100164
9001991
6000100
9001713
6000333
6000236
0011088
3001004
9000747
6000147
9004368
6000293
0104439
6000198
6000135
9002021
2000023
6000110
5000130
0100579
6000272
6000044
6000254
5000198
6000091
0010950
3001018
0102170
3000072
6000290
6000107
2000028
0100241
1000580
6000068
2000036
6000061
2000019
6000301
6000046
6000129
6000331
9004383
6000169
6000203
6000314
0102435
6000041
5000165
9000001
9001300
6000243
3001767
3002909
6000066
6000188
6000322
6000206
5000183
6000347
1000351
3002154
6000122
0004028
5000172
6000277
8003131
0105159
5000182
6000273
6000353
6000352
0104019
6000319
0103420
0102534
6000058
6000328
9000933
6000031
3002082
3001230
9000127
6000008
0000059
6000241
2000002
8004573
3000076
9003301
6000037
6000200
6000187
0002395
6000084
0000643
3000454
6000211
0104808
9003585
6000289
9004199
6000339
6000222
6000059
6000086
1100029
6000278
6000261
6000257
6000009
6000156
8005616
6000038
6000320
6000026
0010830
6000128
8002274
6000181
6000276
9002004
9003423
5000174
5000234
6000161
2000042
3000469
3003448
6000024
5000201
9001317
6000284
0000176
5000166
3002411
0003423
0103344
9004766
5000132
6000253
6000237
0005074
5000162
1100002
1100013
6000344
0100822
6000118
6000005
6000212
3003328
6000305
2000035
1100009
6000209
6000020
5000126
3003122
2000004
6000106
6000163
1100014
0101463
9000868
6000172
6000175
6000116
6000195
6000291
0101060
6000335
6000341
6000021
6000130
9003635
6000171
6000232
1000288
3002020
3000148
6000004
6000018
0100892
9000288
6000112
9000210
6000233
6000111
0102544
8006160
6000302
6000176
6000123
6000001
5000202
3000759
6000141
6000210
6000342
6000262
6000078
6000271
0105146
6000199
6000079
2000022
6000062
6000207
6000300
6000049
6000252
6000330
9004294
9000928
5000168
5000016
6000124
0009212
6000056
6000225
6000288
6000240
0105064
6000011
0006575
0011003
6000137
9002827
6000035
1001184
9004427
5000137
0103256
6000283
6000057
0103468
5000129
0005633
6000306
6000205
6000190
6000073
9004581
9002577
6000096
0002136
6000260
3001751
6000238
6000077
6000154
6000127
6000303
6000182
5000128
6000251
6000173
6000108
6000007
0100477
1001195
3001421
6000201
1100008
1100011
9004879
2000044
2000034
9005105
9002114
6000033
6000152
6000218
6000321
6000102
1000993
9003135
8001155
6000094
6000274
9004066
6000343
5000265
9004242
6000279
9004520
3000119
