8 0
12 1
24 2
80 3
82 4
83 5
85 6
133 7
135 8
376 9
86 10
7 11
81 12
10 13
23 14
91 15
142 16
371 17
21 18
138 19
15 20
373 21
22 22
298 23
363 24
374 25
141 26
13 27
99 28
489 29
331 30
134 31
370 32
20 33
129 34
293 35
377 36
94 37
364 38
93 39
137 40
63 41
998 42
131 43
136 44
16 45
336 46
381 47
143 48
337 49
90 50
104 51
784 52
58 53
18 54
463 55
335 56
19 57
50 58
114 59
355 60
32 61
132 62
357 63
330 64
275 65
384 66
89 67
54 68
380 69
128 70
43 71
997 72
912 73
311 74
140 75
42 76
322 77
352 78
57 79
372 80
47 81
288 82
319 83
139 84
