22 0
111 1
251 2
297 3
320 4
418 5
419 6
434 7
443 8
451 9
488 10
491 11
584 12
616 13
626 14
636 15
650 16
699 17
709 18
721 19
731 20
741 21
764 22
767 23
769 24
772 25
781 26
790 27
813 28
823 29
845 30
853 31
872 32
893 33
912 34
989 35
748 36
413 37
319 38
623 39
563 40
692 41
591 42
679 43
600 44
784 45
549 46
464 47
446 48
596 49
558 50
529 51
295 52
696 53
902 54
710 55
21 56
777 57
512 58
542 59
489 60
456 61
629 62
414 63
618 64
783 65
411 66
677 67
587 68
716 69
473 70
644 71
593 72
507 73
714 74
798 75
633 76
462 77
929 78
641 79
957 80
617 81
999 82
858 83
855 84
740 85
478 86
910 87
588 88
911 89
611 90
792 91
797 92
494 93
589 94
700 95
749 96
477 97
499 98
457 99
523 100
791 101
868 102
763 103
816 104
470 105
729 106
840 107
806 108
678 109
695 110
539 111
551 112
720 113
506 114
844 115
680 116
481 117
422 118
921 119
711 120
774 121
882 122
585 123
750 124
533 125
889 126
459 127
733 128
496 129
567 130
398 131
747 132
52 133
918 134
818 135
492 136
758 137
898 138
23 139
862 140
838 141
452 142
785 143
421 144
619 145
674 146
683 147
420 148
773 149
837 150
828 151
843 152
487 153
432 154
752 155
919 156
608 157
735 158
907 159
885 160
722 161
546 162
673 163
875 164
613 165
246 166
761 167
804 168
658 169
606 170
637 171
471 172
896 173
794 174
597 175
892 176
513 177
949 178
570 179
515 180
786 181
110 182
723 183
759 184
841 185
508 186
634 187
448 188
447 189
662 190
440 191
543 192
860 193
728 194
425 195
684 196
474 197
800 198
776 199
