945 0
948 1
949 2
950 3
951 4
952 5
954 6
955 7
957 8
988 9
940 10
943 11
956 12
582 13
942 14
941 15
990 16
989 17
852 18
928 19
998 20
953 21
927 22
944 23
997 24
113 25
923 26
939 27
987 28
962 29
937 30
809 31
641 32
868 33
931 34
960 35
995 36
378 37
934 38
738 39
463 40
947 41
728 42
828 43
124 44
584 45
499 46
909 47
925 48
633 49
933 50
125 51
930 52
714 53
90 54
986 55
911 56
985 57
901 58
971 59
27 60
658 61
313 62
110 63
488 64
599 65
961 66
845 67
932 68
936 69
816 70
659 71
924 72
5 73
109 74
121 75
700 76
326 77
421 78
611 79
965 80
709 81
632 82
938 83
588 84
325 85
16 86
13 87
580 88
722 89
935 90
301 91
40 92
398 93
55 94
315 95
328 96
563 97
572 98
963 99
910 100
112 101
60 102
333 103
319 104
382 105
487 106
470 107
883 108
902 109
78 110
415 111
666 112
929 113
