70 0
73 1
75 2
77 3
78 4
79 5
301 6
302 7
303 8
304 9
305 10
306 11
307 12
308 13
309 14
310 15
312 16
314 17
315 18
316 19
317 20
318 21
324 22
599 23
311 24
74 25
300 26
76 27
815 28
313 29
71 30
319 31
126 32
125 33
72 34
124 35
113 36
320 37
119 38
325 39
40 40
326 41
120 42
31 43
677 44
46 45
989 46
946 47
321 48
994 49
123 50
985 51
322 52
952 53
64 54
59 55
47 56
904 57
988 58
35 59
783 60
410 61
60 62
54 63
948 64
990 65
36 66
32 67
679 68
58 69
892 70
26 71
114 72
329 73
94 74
328 75
996 76
584 77
855 78
712 79
600 80
52 81
55 82
28 83
947 84
998 85
986 86
90 87
69 88
489 89
41 90
987 91
794 92
488 93
298 94
44 95
767 96
25 97
939 98
42 99
991 100
943 101
953 102
45 103
82 104
17 105
723 106
506 107
323 108
392 109
112 110
825 111
38 112
658 113
928 114
749 115
62 116
828 117
818 118
427 119
110 120
27 121
956 122
809 123
738 124
43 125
115 126
643 127
845 128
67 129
464 130
954 131
68 132
337 133
29 134
769 135
963 136
644 137
33 138
772 139
616 140
111 141
995 142
1 143
393 144
65 145
960 146
930 147
906 148
709 149
109 150
199 151
84 152
912 153
8 154
91 155
674 156
61 157
490 158
563 159
902 160
951 161
455 162
116 163
972 164
122 165
66 166
852 167
37 168
784 169
471 170
949 171
118 172
92 173
327 174
676 175
14 176
19 177
149 178
936 179
872 180
456 181
396 182
15 183
931 184
932 185
955 186
903 187
850 188
726 189
34 190
389 191
944 192
693 193
774 194
351 195
24 196
20 197
611 198
344 199
