51 0
107 1
283 2
401 3
414 4
504 5
507 6
516 7
576 8
606 9
642 10
728 11
758 12
761 13
791 14
850 15
859 16
881 17
902 18
520 19
431 20
968 21
790 22
579 23
636 24
505 25
487 26
748 27
882 28
695 29
844 30
662 31
473 32
710 33
726 34
605 35
967 36
797 37
558 38
831 39
673 40
899 41
818 42
786 43
635 44
332 45
585 46
725 47
589 48
714 49
771 50
891 51
669 52
512 53
464 54
463 55
898 56
733 57
792 58
600 59
765 60
596 61
910 62
686 63
590 64
865 65
613 66
804 67
740 68
491 69
419 70
773 71
700 72
676 73
529 74
631 75
903 76
680 77
420 78
620 79
111 80
760 81
766 82
830 83
486 84
747 85
823 86
594 87
633 88
536 89
729 90
513 91
531 92
541 93
518 94
774 95
421 96
767 97
840 98
593 99
811 100
845 101
674 102
754 103
876 104
813 105
534 106
861 107
658 108
868 109
423 110
550 111
960 112
528 113
581 114
478 115
696 116
742 117
626 118
456 119
443 120
709 121
659 122
488 123
519 124
841 125
827 126
999 127
699 128
743 129
784 130
622 131
543 132
542 133
969 134
412 135
769 136
764 137
929 138
333 139
749 140
846 141
684 142
778 143
526 144
641 145
719 146
875 147
692 148
889 149
650 150
446 151
849 152
434 153
855 154
785 155
893 156
398 157
499 158
634 159
826 160
584 161
783 162
281 163
427 164
535 165
643 166
551 167
894 168
260 169
632 170
691 171
687 172
883 173
492 174
737 175
614 176
878 177
834 178
838 179
485 180
567 181
452 182
788 183
763 184
907 185
591 186
265 187
753 188
570 189
720 190
563 191
568 192
559 193
911 194
612 195
681 196
461 197
432 198
751 199
