0 0
1 1
58 2
105 3
364 4
365 5
383 6
489 7
660 8
661 9
662 10
663 11
664 12
665 13
666 14
667 15
668 16
669 17
682 18
816 19
835 20
852 21
400 22
782 23
670 24
384 25
698 26
527 27
538 28
497 29
708 30
389 31
442 32
851 33
706 34
743 35
870 36
483 37
681 38
54 39
884 40
592 41
381 42
437 43
114 44
649 45
754 46
757 47
911 48
880 49
518 50
873 51
449 52
807 53
564 54
605 55
57 56
516 57
791 58
369 59
526 60
742 61
912 62
30 63
815 64
620 65
391 66
752 67
703 68
832 69
50 70
657 71
716 72
379 73
463 74
641 75
675 76
444 77
480 78
618 79
733 80
562 81
498 82
60 83
62 84
904 85
475 86
395 87
572 88
421 89
695 90
673 91
103 92
910 93
329 94
124 95
63 96
580 97
598 98
371 99
406 100
377 101
840 102
858 103
479 104
390 105
839 106
948 107
571 108
671 109
792 110
601 111
44 112
113 113
727 114
725 115
412 116
896 117
357 118
26 119
787 120
65 121
596 122
856 123
380 124
834 125
507 126
640 127
844 128
482 129
375 130
299 131
392 132
973 133
337 134
372 135
612 136
506 137
784 138
861 139
458 140
446 141
188 142
825 143
686 144
876 145
772 146
433 147
712 148
569 149
616 150
367 151
374 152
632 153
53 154
581 155
717 156
584 157
755 158
464 159
410 160
52 161
919 162
64 163
428 164
728 165
794 166
409 167
138 168
734 169
627 170
621 171
848 172
732 173
811 174
350 175
541 176
606 177
975 178
397 179
583 180
771 181
462 182
696 183
756 184
502 185
519 186
799 187
494 188
748 189
599 190
38 191
853 192
590 193
56 194
677 195
558 196
635 197
567 198
455 199
