159 0
163 1
168 2
178 3
209 4
211 5
236 6
268 7
165 8
237 9
171 10
208 11
246 12
227 13
234 14
180 15
243 16
161 17
213 18
242 19
210 20
173 21
184 22
225 23
162 24
158 25
253 26
220 27
176 28
172 29
207 30
179 31
206 32
164 33
235 34
676 35
273 36
167 37
341 38
240 39
339 40
219 41
191 42
214 43
223 44
170 45
193 46
811 47
205 48
241 49
151 50
262 51
182 52
428 53
386 54
346 55
568 56
434 57
238 58
354 59
195 60
166 61
852 62
245 63
221 64
284 65
177 66
215 67
342 68
185 69
103 70
23 71
348 72
274 73
690 74
233 75
345 76
239 77
37 78
499 79
175 80
263 81
264 82
350 83
523 84
385 85
