484 0
510 1
536 2
540 3
554 4
625 5
628 6
724 7
780 8
814 9
833 10
871 11
914 12
403 13
913 14
718 15
693 16
517 17
977 18
460 19
978 20
449 21
408 22
694 23
975 24
576 25
895 26
437 27
472 28
807 29
733 30
812 31
471 32
976 33
562 34
744 35
657 36
405 37
821 38
872 39
557 40
525 41
682 42
908 43
781 44
920 45
755 46
442 47
835 48
791 49
148 50
223 51
839 52
583 53
900 54
150 55
404 56
983 57
751 58
381 59
475 60
224 61
147 62
600 63
489 64
734 65
602 66
428 67
727 68
866 69
668 70
820 71
876 72
663 73
698 74
672 75
830 76
829 77
775 78
879 79
627 80
699 81
686 82
758 83
494 84
144 85
565 86
575 87
634 88
555 89
