65 0
108 1
109 2
110 3
115 4
116 5
117 6
327 7
328 8
329 9
390 10
396 11
397 12
973 13
393 14
5 15
33 16
112 17
119 18
114 19
125 20
6 21
392 22
58 23
113 24
983 25
126 26
599 27
991 28
123 29
107 30
1 31
996 32
62 33
60 34
946 35
616 36
124 37
149 38
79 39
56 40
111 41
102 42
3 43
120 44
26 45
45 46
68 47
911 48
391 49
488 50
57 51
310 52
63 53
34 54
30 55
985 56
955 57
150 58
506 59
50 60
4 61
36 62
69 63
394 64
787 65
121 66
611 67
147 68
103 69
54 70
824 71
44 72
793 73
27 74
67 75
118 76
52 77
395 78
885 79
71 80
990 81
53 82
794 83
988 84
490 85
49 86
600 87
941 88
55 89
728 90
801 91
389 92
81 93
937 94
977 95
679 96
997 97
533 98
900 99
464 100
452 101
807 102
441 103
29 104
344 105
947 106
305 107
953 108
954 109
913 110
646 111
78 112
32 113
889 114
66 115
334 116
199 117
956 118
626 119
370 120
987 121
858 122
460 123
765 124
42 125
813 126
738 127
931 128
792 129
976 130
38 131
984 132
539 133
658 134
221 135
145 136
35 137
963 138
64 139
994 140
309 141
318 142
