474 0
496 1
533 2
552 3
568 4
591 5
658 6
735 7
806 8
824 9
885 10
911 11
452 12
841 13
434 14
411 15
869 16
721 17
903 18
697 19
490 20
443 21
906 22
750 23
834 24
689 25
549 26
816 27
887 28
501 29
797 30
616 31
741 32
748 33
840 34
893 35
794 36
796 37
614 38
539 39
608 40
850 41
529 42
457 43
601 44
502 45
775 46
709 47
514 48
728 49
399 50
643 51
655 52
679 53
700 54
488 55
636 56
109 57
692 58
509 59
578 60
868 61
842 62
599 63
414 64
610 65
419 66
747 67
982 68
327 69
584 70
996 71
813 72
463 73
898 74
433 75
929 76
108 77
772 78
558 79
793 80
889 81
858 82
491 83
650 84
228 85
652 86
769 87
790 88
854 89
695 90
465 91
459 92
639 93
691 94
641 95
831 96
644 97
987 98
111 99
617 100
977 101
585 102
620 103
600 104
973 105
670 106
400 107
464 108
506 109
489 110
543 111
507 112
363 113
845 114
588 115
224 116
948 117
451 118
589 119
615 120
684 121
770 122
904 123
882 124
431 125
551 126
714 127
462 128
611 129
69 130
107 131
153 132
855 133
283 134
626 135
774 136
936 137
737 138
879 139
999 140
208 141
160 142
943 143
876 144
649 145
395 146
838 147
475 148
254 149
422 150
667 151
524 152
678 153
439 154
516 155
112 156
930 157
808 158
210 159
596 160
699 161
669 162
446 163
638 164
54 165
338 166
523 167
629 168
749 169
883 170
183 171
696 172
587 173
971 174
293 175
1 176
619 177
340 178
426 179
719 180
499 181
125 182
556 183
494 184
760 185
260 186
736 187
723 188
961 189
53 190
448 191
7 192
932 193
776 194
865 195
767 196
478 197
731 198
206 199
