118 0
415 1
923 2
924 3
930 4
931 5
932 6
933 7
934 8
935 9
940 10
941 11
942 12
961 13
962 14
963 15
964 16
965 17
928 18
121 19
809 20
960 21
959 22
926 23
119 24
937 25
938 26
582 27
659 28
943 29
567 30
813 31
951 32
925 33
998 34
954 35
909 36
544 37
112 38
927 39
939 40
467 41
766 42
969 43
950 44
122 45
945 46
987 47
910 48
956 49
868 50
996 51
502 52
692 53
936 54
762 55
666 56
454 57
599 58
463 59
952 60
123 61
521 62
124 63
967 64
891 65
712 66
618 67
125 68
944 69
551 70
955 71
997 72
126 73
828 74
424 75
111 76
56 77
577 78
329 79
860 80
492 81
499 82
470 83
506 84
719 85
988 86
738 87
700 88
788 89
991 90
947 91
509 92
739 93
515 94
861 95
852 96
62 97
588 98
558 99
778 100
110 101
929 102
519 103
681 104
114 105
443 106
120 107
865 108
469 109
850 110
840 111
115 112
953 113
452 114
773 115
750 116
816 117
478 118
532 119
883 120
748 121
109 122
808 123
616 124
539 125
328 126
116 127
695 128
720 129
948 130
503 131
903 132
419 133
461 134
60 135
61 136
845 137
568 138
680 139
966 140
611 141
302 142
390 143
71 144
711 145
259 146
607 147
46 148
410 149
990 150
911 151
69 152
626 153
973 154
784 155
806 156
587 157
473 158
885 159
541 160
291 161
647 162
619 163
855 164
113 165
797 166
455 167
505 168
533 169
584 170
898 171
31 172
398 173
876 174
39 175
957 176
673 177
563 178
171 179
397 180
836 181
76 182
949 183
683 184
790 185
516 186
837 187
55 188
213 189
709 190
441 191
574 192
643 193
500 194
