6 0
34 1
145 2
148 3
150 4
296 5
983 6
147 7
5 8
33 9
149 10
4 11
3 12
112 13
360 14
973 15
2 16
978 17
801 18
49 19
433 20
294 21
279 22
36 23
344 24
65 25
222 26
35 27
329 28
337 29
327 30
525 31
562 32
976 33
146 34
913 35
103 36
354 37
460 38
871 39
257 40
144 41
71 42
394 43
403 44
58 45
217 46
270 47
980 48
109 49
97 50
391 51
390 52
775 53
417 54
833 55
87 56
69 57
15 58
885 59
50 60
807 61
310 62
143 63
842 64
336 65
795 66
970 67
735 68
197 69
977 70
232 71
537 72
396 73
221 74
107 75
606 76
349 77
99 78
342 79
189 80
397 81
267 82
106 83
395 84
819 85
540 86
356 87
370 88
20 89
969 90
338 91
