417 0
517 1
645 2
701 3
723 4
919 5
971 6
405 7
879 8
920 9
733 10
536 11
843 12
557 13
712 14
929 15
540 16
600 17
807 18
456 19
496 20
641 21
900 22
860 23
839 24
747 25
727 26
718 27
864 28
441 29
510 30
805 31
821 32
966 33
489 34
755 35
455 36
908 37
767 38
902 39
412 40
780 41
637 42
828 43
781 44
792 45
740 46
470 47
716 48
744 49
92 50
602 51
326 52
830 53
530 54
673 55
892 56
411 57
90 58
762 59
898 60
995 61
415 62
696 63
657 64
667 65
571 66
794 67
697 68
111 69
1 70
281 71
862 72
720 73
558 74
633 75
939 76
546 77
795 78
913 79
595 80
625 81
522 82
738 83
549 84
752 85
94 86
619 87
982 88
788 89
494 90
596 91
424 92
954 93
675 94
624 95
903 96
737 97
569 98
709 99
552 100
445 101
644 102
416 103
703 104
842 105
593 106
950 107
683 108
711 109
