421 0
448 1
450 2
456 3
494 4
506 5
528 6
532 7
535 8
545 9
579 10
580 11
583 12
600 13
619 14
634 15
694 16
706 17
716 18
718 19
755 20
783 21
792 22
805 23
807 24
840 25
844 26
851 27
857 28
879 29
904 30
905 31
915 32
987 33
846 34
998 35
577 36
799 37
789 38
743 39
839 40
912 41
523 42
762 43
782 44
703 45
821 46
489 47
708 48
664 49
462 50
677 51
765 52
881 53
479 54
526 55
753 56
818 57
559 58
787 59
892 60
538 61
784 62
660 63
507 64
512 65
749 66
853 67
733 68
517 69
695 70
598 71
428 72
828 73
811 74
896 75
637 76
772 77
596 78
794 79
999 80
525 81
858 82
491 83
406 84
442 85
447 86
843 87
771 88
613 89
835 90
777 91
556 92
745 93
519 94
632 95
738 96
449 97
488 98
975 99
672 100
464 101
562 102
522 103
662 104
795 105
731 106
854 107
409 108
823 109
616 110
778 111
882 112
723 113
412 114
536 115
791 116
768 117
827 118
460 119
548 120
816 121
492 122
831 123
877 124
518 125
587 126
845 127
876 128
702 129
872 130
701 131
758 132
710 133
541 134
919 135
729 136
599 137
495 138
884 139
728 140
730 141
883 142
471 143
648 144
754 145
589 146
764 147
645 148
422 149
425 150
920 151
502 152
859 153
910 154
623 155
902 156
417 157
435 158
574 159
451 160
473 161
875 162
424 163
423 164
889 165
646 166
446 167
802 168
669 169
813 170
888 171
862 172
822 173
542 174
650 175
971 176
683 177
704 178
628 179
564 180
644 181
830 182
700 183
898 184
868 185
553 186
674 187
427 188
624 189
606 190
557 191
410 192
514 193
696 194
469 195
398 196
721 197
761 198
432 199
