52 0
53 1
54 2
56 3
57 4
60 5
61 6
63 7
66 8
67 9
68 10
62 11
58 12
44 13
38 14
41 15
79 16
32 17
114 18
65 19
50 20
26 21
59 22
45 23
111 24
488 25
616 26
390 27
35 28
64 29
49 30
55 31
47 32
329 33
116 34
33 35
69 36
113 37
43 38
600 39
42 40
71 41
772 42
46 43
677 44
30 45
120 46
48 47
506 48
996 49
28 50
36 51
988 52
82 53
327 54
39 55
126 56
76 57
112 58
543 59
313 60
315 61
124 62
599 63
994 64
993 65
310 66
319 67
686 68
37 69
27 70
394 71
314 72
783 73
307 74
119 75
363 76
906 77
513 78
118 79
587 80
995 81
305 82
931 83
644 84
584 85
861 86
678 87
78 88
5 89
932 90
947 91
34 92
758 93
311 94
395 95
911 96
566 97
81 98
859 99
31 100
961 101
596 102
364 103
109 104
928 105
312 106
40 107
490 108
360 109
125 110
748 111
428 112
887 113
298 114
144 115
117 116
