222 0
248 1
249 2
250 3
258 4
270 5
279 6
257 7
269 8
174 9
296 10
169 11
267 12
273 13
264 14
537 15
203 16
207 17
260 18
332 19
157 20
176 21
231 22
259 23
261 24
235 25
232 26
356 27
208 28
228 29
284 30
676 31
227 32
244 33
202 34
170 35
272 36
216 37
229 38
434 39
280 40
181 41
348 42
190 43
278 44
154 45
265 46
539 47
104 48
354 49
850 50
13 51
251 52
355 53
212 54
362 55
391 56
242 57
153 58
516 59
172 60
716 61
283 62
287 63
263 64
911 65
151 66
525 67
196 68
224 69
368 70
383 71
389 72
245 73
209 74
219 75
294 76
