103 0
106 1
294 2
337 3
357 4
358 5
360 6
359 7
356 8
336 9
150 10
298 11
342 12
334 13
344 14
341 15
295 16
104 17
276 18
297 19
296 20
50 21
209 22
333 23
105 24
34 25
364 26
362 27
335 28
256 29
58 30
372 31
331 32
36 33
220 34
367 35
142 36
347 37
338 38
20 39
285 40
343 41
102 42
346 43
299 44
373 45
350 46
368 47
354 48
275 49
5 50
49 51
284 52
221 53
97 54
182 55
137 56
223 57
48 58
377 59
175 60
235 61
381 62
310 63
293 64
207 65
390 66
382 67
268 68
35 69
174 70
100 71
361 72
208 73
387 74
82 75
273 76
371 77
119 78
8 79
252 80
206 81
397 82
80 83
279 84
147 85
355 86
996 87
148 88
332 89
260 90
676 91
133 92
286 93
24 94
278 95
280 96
840 97
283 98
101 99
378 100
287 101
32 102
6 103
179 104
