170 0
175 1
188 2
189 3
202 4
212 5
226 6
177 7
191 8
184 9
192 10
233 11
194 12
200 13
185 14
198 15
182 16
266 17
228 18
160 19
229 20
186 21
181 22
219 23
204 24
216 25
217 26
196 27
203 28
169 29
201 30
267 31
190 32
256 33
193 34
197 35
155 36
207 37
265 38
222 39
215 40
199 41
153 42
213 43
231 44
205 45
252 46
174 47
210 48
251 49
355 50
187 51
257 52
164 53
176 54
173 55
183 56
156 57
171 58
811 59
354 60
255 61
218 62
154 63
208 64
287 65
172 66
235 67
249 68
161 69
232 70
214 71
209 72
283 73
167 74
152 75
273 76
248 77
246 78
206 79
259 80
224 81
163 82
268 83
284 84
294 85
220 86
341 87
264 88
348 89
552 90
269 91
364 92
221 93
345 94
279 95
179 96
247 97
180 98
166 99
385 100
903 101
254 102
178 103
243 104
225 105
