11 0
14 1
25 2
72 3
74 4
95 5
102 6
299 7
300 8
321 9
322 10
323 11
325 12
326 13
339 14
73 15
28 16
298 17
324 18
94 19
303 20
815 21
70 22
310 23
308 24
92 25
302 26
334 27
26 28
309 29
17 30
318 31
77 32
336 33
307 34
316 35
946 36
304 37
319 38
84 39
315 40
15 41
16 42
43 43
96 44
328 45
79 46
314 47
623 48
78 49
305 50
335 51
990 52
12 53
345 54
989 55
93 56
47 57
91 58
291 59
253 60
312 61
383 62
362 63
985 64
348 65
330 66
161 67
805 68
269 69
36 70
991 71
71 72
337 73
90 74
58 75
280 76
301 77
53 78
696 79
370 80
311 81
75 82
372 83
60 84
173 85
379 86
133 87
358 88
488 89
988 90
313 91
114 92
286 93
169 94
