367 0
368 1
369 2
370 3
371 4
372 5
373 6
374 7
375 8
377 9
378 10
379 11
380 12
381 13
382 14
384 15
366 16
383 17
364 18
335 19
376 20
365 21
295 22
105 23
297 24
387 25
361 26
18 27
286 28
357 29
93 30
224 31
358 32
273 33
912 34
164 35
362 36
294 37
104 38
388 39
356 40
223 41
43 42
359 43
261 44
271 45
336 46
291 47
10 48
205 49
334 50
23 51
344 52
333 53
174 54
96 55
24 56
298 57
269 58
209 59
151 60
265 61
256 62
106 63
284 64
154 65
175 66
342 67
345 68
280 69
299 70
385 71
337 72
349 73
354 74
348 75
287 76
167 77
353 78
260 79
137 80
360 81
596 82
87 83
263 84
448 85
338 86
210 87
306 88
150 89
816 90
89 91
242 92
101 93
132 94
259 95
8 96
60 97
947 98
238 99
346 100
580 101
48 102
206 103
85 104
158 105
166 106
22 107
395 108
9 109
363 110
133 111
17 112
274 113
439 114
267 115
489 116
262 117
160 118
13 119
542 120
277 121
743 122
270 123
84 124
244 125
708 126
278 127
208 128
634 129
296 130
843 131
350 132
189 133
19 134
235 135
416 136
21 137
343 138
203 139
272 140
285 141
15 142
16 143
276 144
192 145
562 146
815 147
787 148
39 149
293 150
341 151
513 152
642 153
283 154
