126 0
947 1
990 2
991 3
993 4
994 5
995 6
996 7
997 8
992 9
988 10
114 11
310 12
599 13
112 14
27 15
677 16
116 17
71 18
302 19
911 20
329 21
119 22
125 23
305 24
738 25
936 26
113 27
115 28
363 29
852 30
998 31
953 32
43 33
955 34
728 35
121 36
973 37
79 38
965 39
574 40
103 41
32 42
69 43
325 44
933 45
931 46
73 47
117 48
109 49
314 50
301 51
950 52
961 53
962 54
910 55
68 56
38 57
82 58
337 59
580 60
328 61
989 62
52 63
304 64
954 65
318 66
35 67
968 68
108 69
312 70
415 71
124 72
346 73
63 74
660 75
946 76
26 77
274 78
60 79
714 80
825 81
47 82
118 83
62 84
944 85
749 86
942 87
985 88
311 89
930 90
66 91
923 92
315 93
322 94
940 95
952 96
865 97
324 98
390 99
67 100
78 101
957 102
951 103
58 104
452 105
964 106
61 107
65 108
960 109
20 110
331 111
110 112
596 113
483 114
120 115
29 116
275 117
36 118
397 119
766 120
33 121
616 122
522 123
956 124
327 125
