399 0
411 1
501 2
578 3
601 4
614 5
689 6
697 7
775 8
797 9
834 10
869 11
887 12
885 13
982 14
568 15
841 16
400 17
617 18
906 19
465 20
824 21
457 22
655 23
842 24
750 25
610 26
638 27
608 28
496 29
652 30
516 31
639 32
474 33
636 34
414 35
591 36
667 37
523 38
529 39
721 40
728 41
443 42
747 43
748 44
630 45
619 46
434 47
461 48
570 49
735 50
731 51
585 52
558 53
741 54
459 55
840 56
691 57
643 58
514 59
452 60
445 61
857 62
669 63
588 64
672 65
406 66
794 67
879 68
678 69
549 70
513 71
808 72
431 73
467 74
793 75
806 76
524 77
552 78
641 79
680 80
903 81
862 82
854 83
593 84
589 85
509 86
494 87
515 88
499 89
692 90
796 91
594 92
788 93
596 94
999 95
714 96
600 97
249 98
478 99
911 100
929 101
470 102
700 103
615 104
837 105
658 106
451 107
880 108
836 109
490 110
876 111
456 112
870 113
917 114
543 115
776 116
831 117
830 118
823 119
910 120
642 121
740 122
394 123
542 124
439 125
843 126
217 127
921 128
423 129
502 130
813 131
422 132
816 133
749 134
448 135
611 136
441 137
533 138
606 139
845 140
566 141
699 142
882 143
338 144
894 145
696 146
391 147
420 148
693 149
791 150
723 151
419 152
850 153
557 154
424 155
435 156
709 157
114 158
785 159
883 160
938 161
889 162
122 163
865 164
462 165
622 166
584 167
893 168
684 169
774 170
863 171
923 172
433 173
47 174
898 175
650 176
828 177
576 178
579 179
838 180
973 181
846 182
463 183
971 184
528 185
621 186
464 187
756 188
237 189
939 190
770 191
763 192
597 193
792 194
564 195
679 196
683 197
875 198
447 199
