31 0
40 1
46 2
55 3
59 4
64 5
311 6
313 7
312 8
315 9
47 10
32 11
317 12
318 13
39 14
60 15
41 16
310 17
70 18
303 19
30 20
304 21
320 22
42 23
939 24
38 25
57 26
998 27
677 28
319 29
988 30
52 31
44 32
309 33
26 34
324 35
456 36
316 37
61 38
943 39
77 40
27 41
48 42
738 43
58 44
390 45
986 46
307 47
815 48
73 49
53 50
66 51
29 52
462 53
36 54
989 55
952 56
300 57
995 58
774 59
65 60
428 61
936 62
113 63
733 64
54 65
123 66
92 67
953 68
322 69
305 70
325 71
327 72
489 73
756 74
308 75
43 76
730 77
79 78
50 79
11 80
945 81
944 82
580 83
114 84
63 85
956 86
389 87
298 88
990 89
806 90
600 91
62 92
94 93
131 94
301 95
767 96
905 97
697 98
