90 0
130 1
386 2
387 3
388 4
392 5
393 6
727 7
820 8
946 9
974 10
984 11
985 12
986 13
992 14
101 15
385 16
947 17
108 18
944 19
973 20
980 21
997 22
538 23
129 24
309 25
328 26
354 27
88 28
580 29
547 30
346 31
996 32
705 33
525 34
994 35
958 36
900 37
668 38
110 39
812 40
109 41
365 42
324 43
115 44
297 45
96 46
68 47
979 48
134 49
347 50
989 51
562 52
698 53
983 54
821 55
755 56
277 57
144 58
696 59
557 60
936 61
232 62
733 63
690 64
833 65
851 66
684 67
394 68
912 69
74 70
991 71
960 72
377 73
425 74
251 75
380 76
801 77
975 78
951 79
586 80
977 81
439 82
990 83
379 84
6 85
976 86
988 87
47 88
889 89
968 90
649 91
136 92
450 93
448 94
296 95
853 96
322 97
657 98
15 99
294 100
847 101
344 102
593 103
334 104
634 105
