361 0
362 1
410 2
435 3
464 4
505 5
514 6
618 7
653 8
700 9
739 10
748 11
766 12
794 13
804 14
849 15
861 16
876 17
891 18
896 19
968 20
899 21
504 22
999 23
636 24
725 25
550 26
967 27
773 28
828 29
648 30
630 31
599 32
809 33
893 34
859 35
503 36
502 37
521 38
910 39
469 40
463 41
473 42
731 43
659 44
868 45
551 46
883 47
666 48
597 49
774 50
434 51
909 52
412 53
529 54
728 55
674 56
756 57
897 58
711 59
532 60
969 61
813 62
427 63
438 64
443 65
470 66
760 67
742 68
898 69
827 70
905 71
712 72
623 73
499 74
606 75
534 76
844 77
696 78
414 79
786 80
631 81
709 82
589 83
600 84
591 85
772 86
588 87
604 88
431 89
673 90
845 91
516 92
902 93
619 94
669 95
492 96
526 97
747 98
962 99
846 100
721 101
719 102
647 103
651 104
882 105
613 106
680 107
475 108
737 109
778 110
790 111
695 112
818 113
823 114
539 115
686 116
901 117
567 118
788 119
543 120
655 121
792 122
894 123
811 124
729 125
837 126
710 127
451 128
441 129
608 130
455 131
678 132
572 133
738 134
633 135
446 136
831 137
520 138
478 139
925 140
507 141
785 142
461 143
419 144
749 145
753 146
626 147
375 148
720 149
926 150
907 151
515 152
677 153
577 154
447 155
556 156
605 157
929 158
496 159
822 160
787 161
509 162
415 163
643 164
650 165
519 166
541 167
713 168
428 169
506 170
851 171
662 172
726 173
796 174
754 175
793 176
528 177
816 178
512 179
714 180
411 181
587 182
838 183
960 184
356 185
585 186
544 187
679 188
457 189
487 190
692 191
928 192
745 193
799 194
524 195
767 196
904 197
808 198
310 199
