87 0
319 1
334 2
462 3
587 4
596 5
623 6
640 7
644 8
675 9
676 10
677 11
678 12
679 13
825 14
854 15
858 16
998 17
987 18
320 19
777 20
792 21
488 22
418 23
840 24
649 25
784 26
783 27
867 28
626 29
749 30
542 31
584 32
464 33
600 34
731 35
813 36
696 37
451 38
499 39
646 40
845 41
767 42
539 43
757 44
912 45
853 46
616 47
769 48
816 49
902 50
419 51
457 52
699 53
597 54
473 55
819 56
772 57
734 58
583 59
102 60
523 61
618 62
318 63
785 64
634 65
929 66
599 67
910 68
111 69
972 70
728 71
569 72
642 73
538 74
494 75
471 76
512 77
421 78
791 79
906 80
733 81
954 82
470 83
606 84
654 85
758 86
432 87
477 88
703 89
636 90
498 91
885 92
835 93
615 94
455 95
491 96
563 97
543 98
311 99
490 100
487 101
580 102
458 103
660 104
939 105
407 106
310 107
558 108
507 109
714 110
398 111
621 112
725 113
836 114
570 115
434 116
611 117
695 118
832 119
911 120
741 121
410 122
691 123
753 124
818 125
656 126
666 127
406 128
456 129
300 130
313 131
837 132
650 133
687 134
519 135
593 136
674 137
508 138
667 139
882 140
740 141
868 142
422 143
460 144
559 145
88 146
804 147
706 148
875 149
589 150
630 151
574 152
903 153
522 154
502 155
489 156
896 157
827 158
629 159
598 160
549 161
710 162
872 163
764 164
824 165
428 166
443 167
387 168
811 169
673 170
70 171
904 172
787 173
312 174
857 175
879 176
114 177
745 178
830 179
944 180
76 181
726 182
838 183
887 184
401 185
427 186
892 187
545 188
328 189
684 190
245 191
36 192
446 193
844 194
806 195
304 196
693 197
617 198
943 199
