500 0
649 1
970 2
972 3
976 4
979 5
980 6
978 7
975 8
825 9
460 10
974 11
977 12
663 13
483 14
912 15
795 16
671 17
437 18
646 19
958 20
913 21
853 22
884 23
983 24
147 25
525 26
488 27
802 28
682 29
841 30
297 31
286 32
425 33
350 34
672 35
888 36
34 37
835 38
832 39
349 40
973 41
43 42
2 43
39 44
863 45
876 46
197 47
336 48
145 49
839 50
708 51
123 52
462 53
753 54
899 55
107 56
491 57
830 58
755 59
327 60
305 61
412 62
986 63
908 64
347 65
471 66
733 67
449 68
238 69
183 70
106 71
812 72
428 73
895 74
660 75
814 76
829 77
354 78
265 79
1 80
879 81
584 82
807 83
738 84
444 85
744 86
150 87
701 88
36 89
607 90
