156 0
176 1
207 2
208 3
210 4
213 5
220 6
246 7
284 8
341 9
219 10
342 11
172 12
209 13
218 14
215 15
179 16
159 17
152 18
212 19
164 20
205 21
168 22
178 23
160 24
180 25
222 26
169 27
217 28
211 29
216 30
167 31
268 32
243 33
173 34
227 35
163 36
242 37
165 38
162 39
214 40
184 41
225 42
852 43
343 44
251 45
171 46
151 47
175 48
264 49
161 50
257 51
206 52
244 53
170 54
155 55
166 56
236 57
359 58
195 59
263 60
248 61
286 62
247 63
253 64
262 65
235 66
260 67
254 68
154 69
239 70
353 71
221 72
245 73
197 74
238 75
285 76
344 77
106 78
266 79
259 80
223 81
202 82
250 83
177 84
366 85
256 86
273 87
267 88
279 89
356 90
280 91
294 92
731 93
534 94
185 95
232 96
181 97
189 98
676 99
157 100
345 101
104 102
200 103
255 104
354 105
191 106
357 107
230 108
587 109
258 110
355 111
876 112
249 113
187 114
348 115
552 116
338 117
150 118
48 119
457 120
194 121
241 122
278 123
360 124
231 125
174 126
295 127
224 128
337 129
188 130
346 131
193 132
522 133
240 134
287 135
198 136
204 137
373 138
270 139
182 140
375 141
588 142
434 143
233 144
275 145
234 146
903 147
349 148
358 149
226 150
347 151
282 152
430 153
101 154
691 155
414 156
158 157
199 158
105 159
283 160
750 161
291 162
183 163
153 164
333 165
