21 0
99 1
127 2
128 3
129 4
131 5
132 6
134 7
144 8
146 9
23 10
22 11
143 12
18 13
135 14
89 15
133 16
138 17
97 18
17 19
130 20
150 21
84 22
975 23
137 24
50 25
895 26
141 27
148 28
80 29
85 30
93 31
142 32
20 33
98 34
91 35
100 36
81 37
136 38
139 39
145 40
58 41
381 42
147 43
908 44
140 45
94 46
472 47
346 48
36 49
770 50
26 51
331 52
209 53
126 54
832 55
574 56
448 57
19 58
9 59
704 60
361 61
749 62
360 63
49 64
512 65
96 66
83 67
416 68
994 69
349 70
63 71
8 72
723 73
404 74
947 75
257 76
341 77
972 78
310 79
992 80
489 81
728 82
405 83
24 84
103 85
232 86
