407 0
468 1
547 2
609 3
627 4
654 5
705 6
734 7
757 8
829 9
874 10
656 11
864 12
675 13
436 14
717 15
660 16
779 17
569 18
555 19
867 20
511 21
751 22
565 23
575 24
586 25
581 26
479 27
466 28
817 29
803 30
920 31
785 32
704 33
408 34
830 35
820 36
561 37
799 38
866 39
634 40
620 41
412 42
571 43
661 44
771 45
670 46
475 47
908 48
664 49
807 50
628 51
612 52
897 53
463 54
880 55
853 56
762 57
904 58
701 59
427 60
814 61
678 62
795 63
886 64
632 65
703 66
913 67
742 68
754 69
517 70
637 71
744 72
895 73
819 74
498 75
401 76
454 77
769 78
446 79
424 80
733 81
510 82
879 83
781 84
595 85
698 86
404 87
975 88
859 89
536 90
582 91
