427 0
438 1
440 2
441 3
461 4
503 5
585 6
604 7
631 8
637 9
711 10
712 11
719 12
720 13
737 14
747 15
773 16
838 17
883 18
898 19
907 20
969 21
524 22
647 23
966 24
680 25
899 26
756 27
804 28
653 29
725 30
968 31
551 32
901 33
572 34
412 35
855 36
463 37
505 38
470 39
504 40
686 41
659 42
626 43
999 44
455 45
543 46
419 47
473 48
692 49
845 50
678 51
619 52
710 53
849 54
929 55
902 56
684 57
828 58
707 59
818 60
925 61
633 62
927 63
541 64
700 65
509 66
418 67
787 68
641 69
502 70
577 71
767 72
967 73
666 74
615 75
783 76
531 77
910 78
960 79
805 80
731 81
861 82
738 83
740 84
784 85
691 86
596 87
971 88
760 89
512 90
882 91
445 92
515 93
673 94
629 95
846 96
708 97
507 98
903 99
739 100
521 101
447 102
842 103
951 104
469 105
809 106
492 107
679 108
911 109
589 110
928 111
722 112
618 113
605 114
648 115
643 116
696 117
464 118
728 119
487 120
478 121
570 122
655 123
813 124
398 125
650 126
788 127
563 128
424 129
892 130
617 131
529 132
868 133
891 134
539 135
761 136
746 137
695 138
860 139
456 140
886 141
961 142
715 143
534 144
446 145
506 146
872 147
758 148
593 149
909 150
644 151
726 152
401 153
822 154
414 155
896 156
611 157
778 158
499 159
823 160
542 161
571 162
714 163
811 164
514 165
771 166
748 167
620 168
749 169
921 170
420 171
793 172
471 173
840 174
785 175
850 176
674 177
606 178
859 179
743 180
508 181
550 182
494 183
790 184
998 185
709 186
530 187
426 188
490 189
599 190
474 191
636 192
769 193
549 194
567 195
442 196
582 197
518 198
716 199
