406 0
437 1
442 2
497 3
538 4
687 5
698 6
873 7
884 8
663 9
668 10
483 11
857 12
727 13
832 14
682 15
900 16
460 17
562 18
425 19
498 20
506 21
624 22
708 23
854 24
580 25
517 26
762 27
716 28
743 29
494 30
540 31
449 32
557 33
975 34
853 35
448 36
492 37
888 38
881 39
646 40
839 41
858 42
728 43
556 44
755 45
868 46
706 47
741 48
913 49
421 50
819 51
657 52
699 53
525 54
718 55
440 56
470 57
970 58
887 59
860 60
454 61
619 62
966 63
583 64
634 65
733 66
569 67
409 68
835 69
407 70
837 71
532 72
915 73
865 74
656 75
920 76
863 77
919 78
696 79
729 80
737 81
821 82
456 83
523 84
571 85
653 86
787 87
998 88
872 89
694 90
519 91
535 92
627 93
972 94
879 95
476 96
649 97
812 98
778 99
628 100
462 101
753 102
978 103
642 104
536 105
