446 0
458 1
478 2
519 3
539 4
549 5
611 6
692 7
713 8
798 9
916 10
918 11
921 12
922 13
742 14
769 15
893 16
591 17
709 18
721 19
917 20
419 21
868 22
492 23
767 24
553 25
681 26
700 27
741 28
610 29
686 30
626 31
794 32
409 33
509 34
481 35
750 36
637 37
620 38
760 39
508 40
748 41
771 42
674 43
772 44
782 45
905 46
418 47
454 48
556 49
480 50
778 51
477 52
662 53
434 54
592 55
845 56
526 57
999 58
534 59
464 60
585 61
749 62
421 63
624 64
781 65
640 66
838 67
743 68
588 69
587 70
811 71
636 72
651 73
482 74
589 75
619 76
881 77
835 78
412 79
623 80
489 81
453 82
411 83
831 84
605 85
841 86
886 87
790 88
424 89
892 90
824 91
797 92
897 93
844 94
961 95
747 96
499 97
784 98
894 99
634 100
533 101
443 102
761 103
720 104
723 105
516 106
745 107
860 108
887 109
896 110
904 111
969 112
616 113
813 114
474 115
754 116
542 117
673 118
527 119
891 120
898 121
789 122
966 123
462 124
851 125
530 126
711 127
606 128
786 129
455 130
678 131
712 132
463 133
498 134
631 135
647 136
688 137
696 138
415 139
398 140
493 141
664 142
599 143
361 144
799 145
613 146
879 147
807 148
582 149
858 150
643 151
800 152
968 153
840 154
718 155
608 156
710 157
714 158
827 159
563 160
583 161
810 162
728 163
470 164
467 165
859 166
695 167
985 168
833 169
642 170
632 171
788 172
648 173
584 174
571 175
706 176
943 177
590 178
617 179
635 180
704 181
703 182
883 183
485 184
520 185
487 186
910 187
494 188
410 189
854 190
783 191
558 192
731 193
600 194
907 195
644 196
561 197
855 198
919 199
