182 0
184 1
185 2
186 3
187 4
191 5
192 6
193 7
201 8
235 9
255 10
189 11
202 12
225 13
175 14
196 15
252 16
226 17
203 18
204 19
188 20
194 21
200 22
174 23
265 24
177 25
154 26
170 27
163 28
198 29
199 30
207 31
160 32
209 33
234 34
155 35
262 36
227 37
213 38
266 39
197 40
219 41
244 42
230 43
676 44
152 45
263 46
237 47
151 48
212 49
260 50
153 51
259 52
231 53
214 54
220 55
158 56
273 57
164 58
243 59
355 60
224 61
179 62
233 63
250 64
104 65
364 66
268 67
261 68
166 69
338 70
211 71
354 72
223 73
264 74
334 75
162 76
249 77
159 78
256 79
805 80
157 81
229 82
181 83
165 84
8 85
190 86
180 87
176 88
294 89
275 90
283 91
168 92
269 93
358 94
245 95
242 96
240 97
276 98
172 99
365 100
282 101
169 102
722 103
377 104
254 105
267 106
236 107
284 108
106 109
362 110
342 111
281 112
331 113
852 114
247 115
246 116
385 117
183 118
285 119
7 120
332 121
337 122
467 123
286 124
161 125
280 126
274 127
271 128
272 129
359 130
216 131
