29 0
409 1
426 2
455 3
531 4
551 5
577 6
607 7
633 8
635 9
643 10
714 11
746 12
778 13
787 14
818 15
826 16
868 17
892 18
901 19
494 20
712 21
530 22
861 23
507 24
828 25
796 26
464 27
528 28
524 29
567 30
473 31
680 32
823 33
711 34
541 35
710 36
490 37
838 38
545 39
686 40
626 41
729 42
798 43
618 44
622 45
805 46
487 47
898 48
761 49
835 50
447 51
899 52
844 53
485 54
591 55
640 56
969 57
771 58
461 59
549 60
650 61
619 62
758 63
902 64
443 65
855 66
631 67
427 68
745 69
470 70
891 71
504 72
720 73
570 74
822 75
684 76
572 77
897 78
412 79
773 80
804 81
836 82
721 83
662 84
506 85
451 86
769 87
629 88
402 89
700 90
488 91
774 92
600 93
883 94
910 95
893 96
704 97
535 98
440 99
971 100
666 101
469 102
968 103
692 104
709 105
896 106
512 107
419 108
884 109
636 110
435 111
679 112
685 113
909 114
515 115
678 116
837 117
783 118
438 119
606 120
754 121
613 122
748 123
719 124
841 125
845 126
518 127
722 128
691 129
446 130
556 131
574 132
767 133
479 134
813 135
481 136
725 137
917 138
463 139
696 140
785 141
852 142
807 143
482 144
737 145
26 146
418 147
429 148
676 149
673 150
611 151
477 152
550 153
849 154
599 155
728 156
647 157
596 158
430 159
759 160
562 161
677 162
715 163
739 164
581 165
840 166
695 167
932 168
747 169
414 170
302 171
809 172
589 173
644 174
592 175
585 176
503 177
923 178
456 179
539 180
543 181
588 182
808 183
421 184
431 185
653 186
521 187
880 188
740 189
590 190
390 191
433 192
448 193
772 194
962 195
587 196
811 197
542 198
863 199
