269 0
271 1
272 2
273 3
274 4
277 5
278 6
280 7
291 8
298 9
270 10
286 11
104 12
299 13
335 14
287 15
276 16
330 17
336 18
342 19
235 20
279 21
356 22
343 23
173 24
353 25
225 26
282 27
184 28
294 29
372 30
350 31
264 32
362 33
263 34
248 35
373 36
337 37
227 38
85 39
371 40
349 41
260 42
292 43
360 44
354 45
331 46
189 47
176 48
355 49
352 50
249 51
357 52
174 53
86 54
158 55
275 56
250 57
341 58
209 59
383 60
253 61
428 62
106 63
370 64
348 65
296 66
134 67
381 68
285 69
359 70
293 71
267 72
358 73
138 74
245 75
387 76
367 77
384 78
168 79
385 80
281 81
68 82
377 83
151 84
207 85
365 86
48 87
290 88
379 89
259 90
283 91
230 92
163 93
172 94
170 95
181 96
38 97
242 98
231 99
193 100
49 101
222 102
39 103
351 104
169 105
382 106
15 107
339 108
244 109
346 110
43 111
206 112
261 113
805 114
105 115
112 116
26 117
63 118
378 119
