412 0
480 1
482 2
530 3
571 4
704 5
707 6
886 7
848 8
485 9
481 10
754 11
771 12
531 13
637 14
778 15
760 16
756 17
877 18
662 19
605 20
463 21
737 22
800 23
844 24
427 25
478 26
761 27
468 28
632 29
851 30
897 31
799 32
424 33
409 34
882 35
745 36
742 37
710 38
553 39
685 40
811 41
919 42
860 43
454 44
920 45
706 46
922 47
590 48
528 49
826 50
527 51
732 52
688 53
648 54
613 55
892 56
713 57
458 58
606 59
561 60
840 61
548 62
827 63
593 64
733 65
743 66
767 67
415 68
907 69
879 70
569 71
915 72
487 73
810 74
747 75
559 76
782 77
407 78
596 79
421 80
896 81
692 82
477 83
999 84
626 85
507 86
519 87
440 88
423 89
653 90
675 91
753 92
620 93
791 94
824 95
691 96
708 97
788 98
444 99
674 100
829 101
633 102
764 103
775 104
651 105
446 106
491 107
604 108
574 109
904 110
921 111
859 112
551 113
738 114
472 115
838 116
588 117
583 118
891 119
781 120
759 121
807 122
539 123
523 124
598 125
664 126
902 127
592 128
494 129
589 130
438 131
785 132
804 133
469 134
861 135
587 136
549 137
585 138
545 139
853 140
556 141
686 142
695 143
792 144
748 145
880 146
582 147
473 148
769 149
464 150
544 151
475 152
858 153
818 154
466 155
801 156
435 157
550 158
428 159
899 160
681 161
898 162
631 163
751 164
893 165
453 166
521 167
629 168
716 169
700 170
865 171
447 172
881 173
981 174
436 175
746 176
470 177
471 178
122 179
563 180
909 181
