101 0
295 1
342 2
344 3
345 4
346 5
347 6
385 7
386 8
341 9
690 10
343 11
297 12
294 13
348 14
366 15
106 16
354 17
51 18
730 19
369 20
367 21
912 22
339 23
355 24
9 25
349 26
337 27
351 28
275 29
104 30
224 31
150 32
372 33
975 34
221 35
360 36
350 37
178 38
226 39
286 40
244 41
197 42
298 43
603 44
363 45
276 46
243 47
562 48
102 49
168 50
170 51
5 52
103 53
461 54
209 55
649 56
335 57
179 58
456 59
137 60
274 61
280 62
210 63
895 64
99 65
192 66
379 67
357 68
234 69
126 70
223 71
255 72
149 73
958 74
256 75
225 76
206 77
361 78
269 79
978 80
228 81
378 82
292 83
279 84
353 85
268 86
6 87
371 88
356 89
352 90
251 91
290 92
334 93
979 94
