425 0
449 1
525 2
565 3
646 4
703 5
821 6
839 7
888 8
975 9
718 10
912 11
979 12
460 13
536 14
978 15
660 16
580 17
727 18
562 19
977 20
970 21
976 22
716 23
497 24
972 25
858 26
421 27
853 28
705 29
825 30
913 31
472 32
698 33
706 34
663 35
879 36
634 37
428 38
755 39
547 40
867 41
517 42
807 43
884 44
835 45
506 46
483 47
980 48
833 49
649 50
733 51
489 52
682 53
412 54
743 55
640 56
958 57
437 58
791 59
450 60
498 61
693 62
538 63
765 64
488 65
829 66
915 67
621 68
602 69
814 70
519 71
671 72
694 73
575 74
407 75
843 76
165 77
540 78
668 79
900 80
880 81
851 82
611 83
628 84
468 85
462 86
832 87
471 88
670 89
730 90
118 91
433 92
148 93
984 94
724 95
554 96
456 97
847 98
510 99
780 100
624 101
974 102
50 103
559 104
583 105
870 106
442 107
657 108
696 109
475 110
401 111
653 112
728 113
908 114
637 115
184 116
764 117
750 118
672 119
830 120
630 121
403 122
677 123
758 124
369 125
132 126
625 127
863 128
491 129
794 130
557 131
820 132
781 133
871 134
516 135
618 136
373 137
914 138
410 139
167 140
111 141
873 142
191 143
89 144
398 145
453 146
539 147
448 148
