69 0
423 1
475 2
476 3
487 4
529 5
605 6
615 7
736 8
770 9
774 10
779 11
785 12
796 13
801 14
836 15
837 16
841 17
502 18
424 19
590 20
643 21
678 22
691 23
399 24
761 25
630 26
662 27
823 28
433 29
610 30
983 31
419 32
788 33
797 34
655 35
443 36
929 37
606 38
464 39
842 40
633 41
445 42
793 43
697 44
971 45
626 46
465 47
680 48
414 49
570 50
501 51
617 52
885 53
826 54
597 55
499 56
681 57
869 58
515 59
542 60
434 61
452 62
902 63
6 64
608 65
868 66
523 67
834 68
641 69
676 70
851 71
543 72
636 73
584 74
903 75
638 76
838 77
845 78
518 79
882 80
514 81
112 82
457 83
531 84
620 85
754 86
911 87
585 88
999 89
879 90
593 91
714 92
843 93
622 94
898 95
126 96
731 97
447 98
639 99
700 100
748 101
673 102
808 103
844 104
431 105
591 106
765 107
728 108
422 109
684 110
474 111
722 112
650 113
496 114
859 115
861 116
762 117
772 118
906 119
850 120
589 121
813 122
732 123
652 124
439 125
520 126
507 127
667 128
696 129
614 130
490 131
710 132
632 133
893 134
720 135
629 136
752 137
917 138
875 139
618 140
795 141
830 142
411 143
768 144
824 145
759 146
526 147
874 148
482 149
516 150
783 151
907 152
778 153
920 154
450 155
711 156
784 157
968 158
890 159
966 160
876 161
747 162
481 163
549 164
865 165
742 166
600 167
848 168
581 169
672 170
749 171
459 172
982 173
480 174
512 175
562 176
792 177
463 178
693 179
786 180
568 181
664 182
530 183
125 184
702 185
787 186
764 187
829 188
532 189
616 190
804 191
435 192
546 193
473 194
604 195
767 196
558 197
461 198
750 199
