45 0
89 1
113 2
147 3
332 4
398 5
466 6
562 7
622 8
670 9
671 10
672 11
673 12
674 13
680 14
681 15
683 16
684 17
685 18
686 19
688 20
722 21
811 22
878 23
810 24
620 25
665 26
508 27
527 28
432 29
485 30
662 31
613 32
782 33
34 34
664 35
444 36
754 37
518 38
970 39
880 40
487 41
148 42
551 43
719 44
507 45
558 46
283 47
773 48
898 49
530 50
606 51
753 52
761 53
844 54
633 55
114 56
818 57
632 58
526 59
776 60
631 61
473 62
125 63
2 64
710 65
401 66
463 67
736 68
712 69
641 70
759 71
446 72
593 73
784 74
882 75
708 76
767 77
870 78
626 79
481 80
116 81
859 82
691 83
915 84
440 85
902 86
823 87
650 88
447 89
700 90
420 91
535 92
592 93
698 94
929 95
522 96
742 97
838 98
988 99
720 100
714 101
589 102
545 103
711 104
605 105
531 106
692 107
543 108
819 109
529 110
706 111
797 112
804 113
409 114
899 115
968 116
766 117
827 118
590 119
566 120
772 121
771 122
906 123
513 124
438 125
585 126
904 127
728 128
450 129
482 130
840 131
542 132
647 133
422 134
457 135
581 136
587 137
471 138
813 139
889 140
891 141
112 142
879 143
470 144
951 145
855 146
696 147
126 148
760 149
443 150
402 151
729 152
644 153
559 154
258 155
687 156
845 157
749 158
584 159
623 160
419 161
974 162
778 163
890 164
746 165
549 166
848 167
999 168
611 169
677 170
563 171
503 172
751 173
777 174
643 175
830 176
539 177
421 178
577 179
284 180
429 181
560 182
426 183
705 184
506 185
785 186
150 187
525 188
434 189
652 190
921 191
570 192
659 193
646 194
918 195
480 196
907 197
783 198
333 199
