71 0
119 1
120 2
121 3
122 4
123 5
124 6
125 7
118 8
79 9
314 10
126 11
306 12
78 13
77 14
116 15
327 16
112 17
26 18
316 19
32 20
310 21
62 22
115 23
599 24
73 25
65 26
305 27
396 28
76 29
923 30
33 31
319 32
973 33
38 34
994 35
988 36
934 37
28 38
390 39
329 40
962 41
766 42
44 43
328 44
27 45
60 46
467 47
312 48
488 49
43 50
313 51
41 52
307 53
54 54
110 55
926 56
113 57
53 58
52 59
58 60
63 61
300 62
103 63
114 64
938 65
397 66
987 67
35 68
618 69
503 70
74 71
1 72
676 73
362 74
40 75
308 76
965 77
762 78
738 79
302 80
960 81
363 82
499 83
990 84
940 85
303 86
914 87
7 88
31 89
677 90
995 91
88 92
696 93
783 94
963 95
476 96
455 97
107 98
70 99
728 100
956 101
301 102
932 103
887 104
30 105
304 106
391 107
317 108
809 109
695 110
108 111
957 112
311 113
34 114
813 115
61 116
463 117
