23 0
433 1
439 2
447 3
459 4
490 5
502 6
515 7
518 8
543 9
588 10
589 11
695 12
793 13
808 14
815 15
855 16
863 17
903 18
999 19
585 20
700 21
638 22
445 23
422 24
652 25
774 26
452 27
552 28
655 29
630 30
643 31
488 32
639 33
641 34
73 35
837 36
842 37
758 38
902 39
434 40
615 41
678 42
818 43
911 44
861 45
626 46
836 47
74 48
412 49
733 50
787 51
524 52
747 53
728 54
740 55
600 56
844 57
880 58
790 59
457 60
929 61
584 62
419 63
788 64
473 65
560 66
686 67
514 68
451 69
971 70
673 71
801 72
748 73
910 74
650 75
882 76
593 77
489 78
541 79
759 80
629 81
464 82
796 83
785 84
828 85
784 86
813 87
606 88
731 89
667 90
21 91
523 92
529 93
622 94
708 95
516 96
542 97
775 98
599 99
875 100
487 101
570 102
783 103
545 104
568 105
636 106
506 107
8 108
614 109
461 110
879 111
504 112
689 113
613 114
578 115
773 116
824 117
838 118
709 119
804 120
849 121
474 122
932 123
982 124
22 125
665 126
420 127
619 128
558 129
507 130
764 131
841 132
522 133
770 134
470 135
845 136
597 137
400 138
720 139
414 140
823 141
633 142
684 143
904 144
714 145
710 146
431 147
896 148
721 149
587 150
478 151
531 152
898 153
868 154
745 155
751 156
691 157
491 158
671 159
797 160
840 161
794 162
739 163
440 164
499 165
752 166
427 167
146 168
450 169
435 170
416 171
865 172
443 173
501 174
471 175
411 176
816 177
618 178
441 179
899 180
72 181
268 182
862 183
512 184
761 185
608 186
505 187
885 188
399 189
753 190
883 191
805 192
463 193
811 194
830 195
423 196
806 197
778 198
772 199
