402 0
420 1
422 2
432 3
486 4
513 5
541 6
542 7
546 8
566 9
776 10
819 11
875 12
889 13
683 14
558 15
650 16
543 17
401 18
523 19
822 20
641 21
862 22
642 23
714 24
731 25
491 26
854 27
593 28
830 29
587 30
594 31
882 32
618 33
457 34
579 35
818 36
845 37
623 38
696 39
788 40
699 41
767 42
577 43
880 44
515 45
740 46
456 47
562 48
747 49
813 50
749 51
787 52
464 53
652 54
589 55
859 56
512 57
418 58
711 59
501 60
674 61
552 62
792 63
604 64
440 65
903 66
840 67
677 68
563 69
777 70
739 71
910 72
450 73
617 74
600 75
471 76
602 77
695 78
772 79
808 80
419 81
412 82
764 83
743 84
971 85
784 86
678 87
728 88
691 89
834 90
469 91
733 92
490 93
421 94
638 95
982 96
560 97
877 98
644 99
584 100
778 101
400 102
708 103
843 104
684 105
823 106
828 107
643 108
702 109
614 110
966 111
423 112
865 113
399 114
791 115
629 116
467 117
451 118
805 119
494 120
508 121
762 122
473 123
981 124
857 125
898 126
487 127
836 128
906 129
424 130
585 131
722 132
506 133
655 134
630 135
626 136
881 137
758 138
785 139
441 140
571 141
752 142
480 143
766 144
519 145
887 146
472 147
891 148
488 149
847 150
502 151
428 152
907 153
852 154
477 155
357 156
890 157
597 158
633 159
439 160
101 161
503 162
942 163
476 164
869 165
879 166
578 167
653 168
774 169
870 170
549 171
608 172
445 173
729 174
415 175
763 176
820 177
693 178
518 179
517 180
786 181
736 182
606 183
902 184
346 185
632 186
426 187
447 188
876 189
872 190
171 191
470 192
532 193
721 194
783 195
824 196
761 197
416 198
507 199
