508 0
526 1
527 2
590 3
598 4
620 5
742 6
782 7
810 8
681 9
664 10
878 11
851 12
548 13
713 14
662 15
673 16
754 17
553 18
487 19
632 20
745 21
480 22
605 23
688 24
485 25
651 26
613 27
446 28
848 29
786 30
771 31
532 32
534 33
761 34
592 35
896 36
760 37
831 38
530 39
811 40
905 41
478 42
778 43
844 44
453 45
482 46
706 47
732 48
916 49
398 50
859 51
549 52
531 53
882 54
418 55
648 56
611 57
893 58
807 59
423 60
922 61
766 62
674 63
426 64
897 65
762 66
819 67
424 68
788 69
921 70
918 71
481 72
477 73
785 74
827 75
891 76
700 77
589 78
623 79
619 80
712 81
564 82
579 83
593 84
881 85
799 86
419 87
861 88
492 89
836 90
703 91
898 92
499 93
841 94
894 95
519 96
435 97
529 98
259 99
412 100
714 101
559 102
409 103
798 104
606 105
886 106
710 107
498 108
709 109
769 110
550 111
741 112
556 113
414 114
585 115
707 116
876 117
539 118
740 119
846 120
743 121
736 122
804 123
650 124
421 125
800 126
711 127
767 128
830 129
678 130
516 131
753 132
512 133
542 134
504 135
750 136
644 137
704 138
823 139
333 140
479 141
571 142
917 143
464 144
636 145
892 146
813 147
