481 0
485 1
550 2
592 3
613 4
632 5
732 6
745 7
754 8
759 9
827 10
848 11
897 12
482 13
662 14
651 15
742 16
811 17
622 18
505 19
844 20
688 21
771 22
710 23
487 24
527 25
605 26
859 27
891 28
477 29
556 30
896 31
507 32
447 33
409 34
464 35
673 36
598 37
786 38
530 39
818 40
909 41
851 42
861 43
446 44
650 45
521 46
492 47
882 48
526 49
872 50
674 51
681 52
531 53
581 54
761 55
473 56
606 57
778 58
760 59
553 60
534 61
664 62
968 63
590 64
707 65
620 66
535 67
782 68
412 69
475 70
545 71
528 72
615 73
571 74
813 75
893 76
480 77
686 78
753 79
921 80
785 81
633 82
713 83
769 84
546 85
589 86
804 87
758 88
823 89
478 90
907 91
748 92
709 93
767 94
798 95
551 96
766 97
731 98
967 99
609 100
826 101
648 102
563 103
899 104
810 105
881 106
714 107
729 108
479 109
495 110
567 111
788 112
999 113
783 114
846 115
506 116
635 117
704 118
695 119
423 120
700 121
739 122
414 123
877 124
886 125
898 126
504 127
519 128
626 129
600 130
746 131
828 132
544 133
969 134
685 135
579 136
570 137
512 138
711 139
455 140
868 141
518 142
792 143
418 144
470 145
424 146
566 147
908 148
548 149
784 150
426 151
876 152
923 153
629 154
427 155
807 156
692 157
763 158
757 159
508 160
549 161
740 162
863 163
503 164
421 165
438 166
762 167
441 168
764 169
435 170
631 171
586 172
836 173
894 174
747 175
883 176
643 177
849 178
499 179
454 180
916 181
559 182
634 183
717 184
637 185
494 186
860 187
577 188
726 189
458 190
532 191
800 192
597 193
515 194
618 195
781 196
608 197
587 198
593 199
