391 0
522 1
523 2
557 3
558 4
559 5
593 6
594 7
602 8
629 9
641 10
652 11
655 12
691 13
696 14
702 15
733 16
752 17
843 18
862 19
929 20
982 21
416 22
456 23
731 24
578 25
394 26
683 27
570 28
542 29
902 30
767 31
784 32
852 33
457 34
834 35
395 36
890 37
614 38
722 39
840 40
650 41
879 42
776 43
813 44
432 45
889 46
678 47
775 48
389 49
699 50
445 51
792 52
585 53
644 54
765 55
875 56
419 57
462 58
830 59
819 60
845 61
981 62
418 63
971 64
589 65
532 66
638 67
684 68
903 69
639 70
863 71
420 72
459 73
513 74
764 75
413 76
543 77
869 78
882 79
587 80
494 81
514 82
823 83
608 84
842 85
499 86
872 87
433 88
805 89
515 90
808 91
421 92
621 93
880 94
693 95
703 96
747 97
836 98
777 99
428 100
768 101
723 102
422 103
487 104
461 105
401 106
596 107
563 108
740 109
898 110
865 111
617 112
551 113
818 114
743 115
706 116
841 117
439 118
657 119
837 120
822 121
626 122
430 123
584 124
910 125
601 126
791 127
447 128
645 129
859 130
887 131
424 132
716 133
470 134
486 135
643 136
680 137
606 138
529 139
785 140
793 141
417 142
615 143
398 144
552 145
616 146
545 147
623 148
517 149
477 150
520 151
704 152
714 153
541 154
854 155
846 156
966 157
795 158
788 159
491 160
402 161
568 162
677 163
490 164
604 165
464 166
769 167
562 168
868 169
697 170
465 171
876 172
877 173
600 174
560 175
463 176
452 177
473 178
610 179
618 180
642 181
919 182
797 183
667 184
434 185
799 186
530 187
709 188
838 189
400 190
636 191
637 192
682 193
512 194
720 195
934 196
440 197
571 198
816 199
