424 0
454 1
467 2
498 3
509 4
582 5
624 6
762 7
788 8
800 9
860 10
865 11
917 12
415 13
453 14
921 15
423 16
886 17
398 18
692 19
648 20
790 21
476 22
766 23
611 24
532 25
706 26
499 27
778 28
781 29
664 30
121 31
588 32
598 33
614 34
791 35
741 36
406 37
585 38
854 39
770 40
502 41
711 42
561 43
571 44
922 45
953 46
526 47
957 48
862 49
743 50
468 51
470 52
731 53
822 54
497 55
919 56
789 57
808 58
641 59
495 60
565 61
678 62
850 63
480 64
956 65
819 66
905 67
642 68
737 69
877 70
517 71
932 72
606 73
530 74
704 75
519 76
478 77
893 78
579 79
645 80
954 81
617 82
652 83
583 84
707 85
481 86
698 87
934 88
909 89
627 90
945 91
849 92
851 93
764 94
541 95
619 96
747 97
124 98
760 99
858 100
521 101
612 102
687 103
894 104
767 105
455 106
936 107
786 108
863 109
728 110
567 111
457 112
401 113
799 114
740 115
482 116
879 117
696 118
916 119
724 120
552 121
716 122
887 123
943 124
888 125
593 126
705 127
750 128
723 129
950 130
929 131
539 132
840 133
514 134
580 135
861 136
419 137
829 138
634 139
761 140
443 141
875 142
848 143
903 144
548 145
589 146
637 147
962 148
446 149
736 150
577 151
620 152
709 153
520 154
412 155
558 156
982 157
477 158
930 159
966 160
657 161
428 162
670 163
907 164
490 165
699 166
938 167
587 168
496 169
158 170
965 171
828 172
449 173
830 174
416 175
727 176
961 177
776 178
536 179
576 180
421 181
902 182
542 183
410 184
998 185
118 186
656 187
821 188
409 189
578 190
186 191
560 192
971 193
413 194
161 195
133 196
122 197
729 198
663 199
