416 0
445 1
638 2
639 3
842 4
890 5
459 6
655 7
602 8
838 9
433 10
702 11
775 12
978 13
801 14
615 15
578 16
430 17
693 18
543 19
977 20
529 21
836 22
733 23
608 24
876 25
697 26
906 27
805 28
837 29
841 30
929 31
546 32
752 33
862 34
885 35
678 36
819 37
419 38
515 39
808 40
879 41
35 42
868 43
559 44
818 45
417 46
971 47
845 48
806 49
604 50
774 51
644 52
840 53
696 54
981 55
443 56
672 57
514 58
768 59
422 60
611 61
125 62
723 63
610 64
731 65
975 66
843 67
824 68
6 69
496 70
585 71
560 72
253 73
163 74
558 75
542 76
641 77
735 78
447 79
830 80
793 81
411 82
770 83
676 84
797 85
787 86
