492 0
534 1
548 2
553 3
556 4
651 5
760 6
771 7
598 8
493 9
648 10
519 11
894 12
851 13
827 14
526 15
495 16
446 17
844 18
742 19
799 20
896 21
478 22
713 23
664 24
729 25
507 26
453 27
886 28
480 29
637 30
868 31
539 32
897 33
766 34
848 35
811 36
421 37
905 38
527 39
681 40
632 41
782 42
481 43
620 44
571 45
532 46
743 47
559 48
662 49
748 50
636 51
549 52
877 53
753 54
700 55
999 56
831 57
754 58
876 59
688 60
893 61
516 62
769 63
619 64
409 65
482 66
881 67
786 68
859 69
485 70
745 71
921 72
884 73
588 74
828 75
412 76
764 77
789 78
678 79
695 80
528 81
524 82
477 83
904 84
674 85
711 86
438 87
435 88
520 89
487 90
599 91
473 92
454 93
458 94
860 95
521 96
430 97
707 98
330 99
818 100
530 101
840 102
219 103
762 104
461 105
509 106
892 107
787 108
692 109
608 110
726 111
626 112
898 113
857 114
882 115
922 116
410 117
602 118
854 119
720 120
778 121
427 122
731 123
631 124
606 125
617 126
202 127
673 128
706 129
457 130
861 131
531 132
423 133
716 134
804 135
502 136
794 137
747 138
788 139
605 140
916 141
756 142
846 143
424 144
624 145
933 146
913 147
428 148
710 149
791 150
411 151
564 152
