76 0
400 1
413 2
457 3
465 4
570 5
608 6
610 7
617 8
630 9
906 10
667 11
764 12
841 13
834 14
691 15
77 16
652 17
869 18
887 19
823 20
728 21
774 22
514 23
502 24
740 25
464 26
655 27
638 28
597 29
411 30
474 31
982 32
763 33
456 34
414 35
615 36
678 37
399 38
447 39
614 40
796 41
836 42
813 43
501 44
523 45
650 46
842 47
524 48
643 49
459 50
929 51
885 52
830 53
419 54
585 55
633 56
822 57
770 58
587 59
700 60
785 61
432 62
568 63
889 64
797 65
434 66
420 67
903 68
73 69
748 70
589 71
689 72
499 73
792 74
578 75
788 76
824 77
683 78
491 79
772 80
623 81
845 82
697 83
558 84
750 85
596 86
424 87
452 88
515 89
917 90
843 91
808 92
461 93
776 94
902 95
859 96
451 97
545 98
731 99
543 100
641 101
806 102
636 103
784 104
999 105
862 106
310 107
793 108
861 109
487 110
613 111
28 112
721 113
719 114
490 115
606 116
593 117
778 118
837 119
747 120
911 121
882 122
412 123
723 124
439 125
268 126
88 127
284 128
893 129
699 130
591 131
811 132
905 133
423 134
513 135
101 136
552 137
759 138
676 139
445 140
739 141
758 142
775 143
199 144
546 145
981 146
478 147
752 148
635 149
715 150
921 151
726 152
27 153
819 154
971 155
542 156
438 157
512 158
876 159
744 160
378 161
529 162
781 163
504 164
626 165
735 166
549 167
373 168
879 169
795 170
575 171
737 172
577 173
968 174
777 175
875 176
471 177
620 178
618 179
397 180
713 181
760 182
601 183
733 184
910 185
332 186
762 187
769 188
703 189
356 190
687 191
639 192
653 193
305 194
753 195
743 196
840 197
516 198
518 199
