431 0
520 1
564 2
729 3
765 4
831 5
846 6
516 7
619 8
750 9
559 10
669 11
529 12
532 13
494 14
697 15
743 16
680 17
797 18
588 19
434 20
421 21
857 22
894 23
892 24
700 25
762 26
778 27
526 28
789 29
999 30
721 31
495 32
799 33
519 34
423 35
702 36
905 37
598 38
706 39
452 40
534 41
398 42
572 43
648 44
583 45
830 46
545 47
728 48
172 49
606 50
753 51
851 52
877 53
642 54
443 55
876 56
435 57
446 58
791 59
258 60
969 61
861 62
811 63
882 64
896 65
478 66
406 67
574 68
899 69
674 70
807 71
591 72
790 73
556 74
678 75
601 76
470 77
655 78
453 79
748 80
401 81
879 82
506 83
772 84
747 85
711 86
502 87
647 88
593 89
496 90
885 91
589 92
618 93
746 94
824 95
651 96
840 97
786 98
936 99
492 100
691 101
696 102
914 103
883 104
600 105
843 106
742 107
687 108
827 109
854 110
881 111
688 112
553 113
912 114
620 115
252 116
539 117
414 118
617 119
608 120
