469 0
521 1
544 2
567 3
809 4
828 5
909 6
925 7
926 8
927 9
928 10
959 11
960 12
967 13
923 14
659 15
968 16
969 17
935 18
618 19
962 20
964 21
910 22
934 23
813 24
504 25
666 26
965 27
961 28
891 29
868 30
987 31
924 32
463 33
849 34
647 35
942 36
712 37
653 38
505 39
932 40
938 41
931 42
415 43
118 44
551 45
940 46
937 47
949 48
773 49
441 50
827 51
633 52
739 53
470 54
963 55
945 56
861 57
947 58
720 59
550 60
818 61
572 62
876 63
941 64
966 65
541 66
700 67
427 68
455 69
124 70
528 71
746 72
1 73
766 74
577 75
883 76
622 77
787 78
121 79
822 80
996 81
643 82
748 83
507 84
599 85
650 86
473 87
762 88
731 89
896 90
855 91
930 92
464 93
950 94
584 95
752 96
738 97
711 98
898 99
951 100
509 101
630 102
506 103
619 104
823 105
535 106
112 107
686 108
412 109
952 110
604 111
589 112
696 113
503 114
837 115
725 116
804 117
808 118
933 119
635 120
631 121
954 122
988 123
515 124
943 125
944 126
452 127
122 128
956 129
626 130
904 131
845 132
227 133
774 134
438 135
634 136
901 137
556 138
461 139
754 140
435 141
955 142
37 143
722 144
899 145
111 146
117 147
585 148
329 149
737 150
69 151
532 152
606 153
852 154
673 155
545 156
494 157
948 158
588 159
836 160
756 161
719 162
999 163
319 164
6 165
543 166
667 167
499 168
0 169
788 170
502 171
549 172
514 173
75 174
582 175
708 176
674 177
749 178
253 179
632 180
939 181
929 182
911 183
45 184
426 185
758 186
411 187
816 188
475 189
531 190
615 191
824 192
840 193
518 194
314 195
328 196
613 197
990 198
165 199
