586 0
595 1
621 2
803 3
856 4
866 5
730 6
847 7
573 8
864 9
408 10
575 11
561 12
867 13
555 14
634 15
428 16
609 17
569 18
661 19
665 20
491 21
603 22
652 23
751 24
870 25
472 26
471 27
410 28
958 29
427 30
756 31
882 32
670 33
820 34
694 35
830 36
853 37
913 38
717 39
254 40
705 41
859 42
744 43
786 44
625 45
878 46
686 47
690 48
522 49
518 50
557 51
209 52
811 53
706 54
812 55
791 56
817 57
479 58
841 59
532 60
444 61
570 62
802 63
818 64
544 65
577 66
778 67
703 68
571 69
413 70
675 71
920 72
900 73
416 74
827 75
517 76
656 77
