197 0
205 1
214 2
221 3
223 4
224 5
256 6
366 7
233 8
206 9
244 10
367 11
226 12
199 13
198 14
227 15
267 16
183 17
208 18
369 19
165 20
160 21
179 22
252 23
295 24
219 25
234 26
177 27
236 28
297 29
200 30
262 31
220 32
266 33
255 34
239 35
189 36
196 37
260 38
180 39
210 40
174 41
268 42
245 43
232 44
237 45
170 46
265 47
261 48
176 49
341 50
259 51
381 52
213 53
371 54
235 55
347 56
380 57
357 58
217 59
264 60
379 61
195 62
93 63
355 64
254 65
163 66
361 67
164 68
728 69
191 70
761 71
225 72
247 73
101 74
171 75
283 76
240 77
178 78
370 79
676 80
375 81
246 82
384 83
209 84
365 85
372 86
338 87
158 88
385 89
175 90
342 91
231 92
207 93
192 94
345 95
155 96
368 97
373 98
34 99
383 100
212 101
797 102
143 103
238 104
248 105
