473 0
477 1
499 2
512 3
563 4
597 5
710 6
726 7
740 8
763 9
777 10
784 11
786 12
418 13
623 14
587 15
767 16
596 17
696 18
764 19
845 20
758 21
626 22
464 23
600 24
813 25
902 26
907 27
872 28
413 29
844 30
709 31
584 32
589 33
606 34
615 35
674 36
695 37
804 38
550 39
593 40
613 41
783 42
769 43
451 44
629 45
749 46
677 47
772 48
686 49
618 50
731 51
896 52
491 53
650 54
678 55
446 56
818 57
882 58
503 59
526 60
546 61
507 62
774 63
676 64
792 65
816 66
891 67
632 68
859 69
636 70
823 71
745 72
421 73
711 74
662 75
542 76
785 77
481 78
644 79
673 80
633 81
868 82
773 83
893 84
608 85
549 86
966 87
414 88
432 89
502 90
583 91
680 92
462 93
653 94
567 95
999 96
447 97
840 98
700 99
898 100
739 101
918 102
535 103
906 104
545 105
737 106
478 107
714 108
515 109
419 110
487 111
620 112
848 113
558 114
524 115
683 116
744 117
754 118
551 119
778 120
494 121
488 122
523 123
543 124
875 125
720 126
590 127
747 128
684 129
456 130
761 131
889 132
630 133
830 134
634 135
570 136
733 137
571 138
732 139
759 140
703 141
611 142
899 143
401 144
514 145
422 146
798 147
482 148
827 149
968 150
592 151
461 152
838 153
877 154
691 155
530 156
492 157
748 158
728 159
605 160
539 161
919 162
855 163
841 164
619 165
776 166
471 167
797 168
485 169
708 170
438 171
402 172
505 173
862 174
826 175
670 176
742 177
693 178
532 179
398 180
486 181
811 182
559 183
704 184
657 185
541 186
457 187
585 188
622 189
771 190
942 191
791 192
836 193
470 194
681 195
631 196
760 197
604 198
450 199
