181 0
190 1
216 2
228 3
257 4
265 5
266 6
267 7
222 8
188 9
153 10
221 11
229 12
183 13
219 14
202 15
258 16
189 17
212 18
203 19
194 20
175 21
207 22
184 23
220 24
154 25
169 26
233 27
160 28
200 29
155 30
191 31
256 32
252 33
185 34
204 35
170 36
215 37
226 38
192 39
270 40
348 41
208 42
177 43
158 44
332 45
296 46
850 47
206 48
244 49
355 50
205 51
198 52
167 53
245 54
250 55
260 56
196 57
209 58
996 59
201 60
249 61
248 62
176 63
911 64
187 65
217 66
279 67
197 68
338 69
259 70
765 71
357 72
840 73
276 74
210 75
537 76
247 77
341 78
691 79
232 80
227 81
383 82
568 83
178 84
152 85
676 86
112 87
186 88
99 89
903 90
199 91
284 92
