26 0
27 1
28 2
30 3
32 4
38 5
41 6
44 7
47 8
50 9
62 10
68 11
66 12
49 13
60 14
67 15
54 16
25 17
61 18
31 19
58 20
57 21
40 22
52 23
39 24
43 25
36 26
56 27
64 28
29 29
42 30
126 31
46 32
114 33
53 34
71 35
119 36
45 37
79 38
63 39
48 40
395 41
124 42
996 43
35 44
311 45
59 46
390 47
120 48
428 49
994 50
103 51
33 52
82 53
116 54
389 55
677 56
488 57
111 58
37 59
331 60
73 61
316 62
133 63
329 64
307 65
337 66
65 67
313 68
327 69
364 70
303 71
34 72
988 73
113 74
363 75
998 76
987 77
397 78
360 79
350 80
147 81
357 82
125 83
310 84
599 85
76 86
825 87
815 88
300 89
562 90
315 91
298 92
947 93
312 94
150 95
391 96
110 97
963 98
335 99
78 100
86 101
600 102
802 103
112 104
995 105
676 106
123 107
910 108
394 109
356 110
308 111
305 112
956 113
346 114
616 115
118 116
319 117
317 118
22 119
997 120
512 121
295 122
20 123
913 124
135 125
115 126
777 127
77 128
684 129
142 130
81 131
55 132
