408 0
555 1
561 2
569 3
573 4
575 5
812 6
864 7
867 8
920 9
609 10
675 11
595 12
847 13
717 14
751 15
621 16
803 17
734 18
407 19
866 20
757 21
586 22
654 23
468 24
656 25
874 26
517 27
705 28
627 29
814 30
571 31
895 32
779 33
565 34
785 35
744 36
511 37
404 38
856 39
536 40
670 41
634 42
450 43
665 44
660 45
830 46
661 47
562 48
919 49
403 50
625 51
657 52
428 53
436 54
908 55
781 56
817 57
583 58
829 59
913 60
603 61
807 62
460 63
983 64
694 65
472 66
880 67
540 68
704 69
606 70
882 71
802 72
718 73
470 74
444 75
879 76
820 77
907 78
581 79
498 80
412 81
557 82
612 83
851 84
819 85
494 86
870 87
632 88
730 89
818 90
799 91
833 92
405 93
410 94
863 95
471 96
652 97
624 98
423 99
693 100
707 101
673 102
664 103
733 104
871 105
554 106
449 107
836 108
954 109
491 110
413 111
727 112
754 113
970 114
479 115
672 116
421 117
703 118
787 119
510 120
682 121
427 122
877 123
706 124
570 125
791 126
628 127
447 128
