7 0
112 1
114 2
333 3
359 4
363 5
428 6
452 7
463 8
470 9
572 10
574 11
647 12
659 13
708 14
725 15
749 16
750 17
753 18
756 19
822 20
830 21
882 22
899 23
910 24
966 25
358 26
427 27
356 28
438 29
883 30
907 31
809 32
441 33
505 34
412 35
8 36
618 37
968 38
666 39
653 40
901 41
469 42
849 43
504 44
503 45
969 46
541 47
113 48
712 49
739 50
773 51
738 52
831 53
804 54
792 55
747 56
828 57
700 58
722 59
813 60
840 61
721 62
898 63
838 64
691 65
588 66
811 67
999 68
542 69
644 70
719 71
521 72
606 73
515 74
125 75
729 76
861 77
680 78
338 79
619 80
711 81
843 82
845 83
929 84
686 85
567 86
961 87
911 88
544 89
516 90
641 91
731 92
435 93
909 94
772 95
967 96
298 97
585 98
696 99
994 100
791 101
461 102
551 103
706 104
823 105
621 106
730 107
927 108
971 109
859 110
793 111
596 112
410 113
406 114
591 115
411 116
587 117
518 118
514 119
960 120
631 121
797 122
673 123
950 124
401 125
896 126
429 127
562 128
870 129
642 130
716 131
494 132
677 133
532 134
600 135
997 136
502 137
784 138
524 139
604 140
778 141
658 142
584 143
805 144
626 145
954 146
616 147
769 148
492 149
885 150
420 151
835 152
905 153
876 154
855 155
623 156
678 157
456 158
462 159
824 160
923 161
434 162
650 163
710 164
930 165
611 166
928 167
634 168
720 169
816 170
808 171
520 172
643 173
987 174
450 175
568 176
703 177
879 178
728 179
762 180
880 181
284 182
550 183
904 184
707 185
577 186
559 187
786 188
657 189
669 190
787 191
570 192
314 193
799 194
615 195
837 196
854 197
925 198
589 199
