152 0
153 1
154 2
155 3
157 4
160 5
194 6
196 7
198 8
200 9
203 10
204 11
219 12
229 13
252 14
202 15
197 16
190 17
226 18
262 19
192 20
175 21
199 22
266 23
185 24
265 25
170 26
232 27
212 28
230 29
283 30
228 31
233 32
216 33
201 34
259 35
207 36
151 37
187 38
256 39
217 40
188 41
189 42
186 43
169 44
332 45
156 46
181 47
258 48
182 49
213 50
257 51
267 52
338 53
193 54
177 55
231 56
247 57
222 58
183 59
220 60
214 61
176 62
205 63
244 64
184 65
284 66
218 67
249 68
359 69
224 70
263 71
261 72
208 73
210 74
239 75
158 76
260 77
223 78
361 79
377 80
585 81
254 82
364 83
264 84
215 85
209 86
221 87
362 88
174 89
552 90
852 91
365 92
234 93
253 94
250 95
251 96
195 97
167 98
191 99
179 100
700 101
358 102
589 103
206 104
434 105
381 106
737 107
127 108
245 109
429 110
333 111
255 112
227 113
279 114
168 115
348 116
248 117
568 118
680 119
588 120
850 121
225 122
163 123
164 124
211 125
292 126
242 127
355 128
240 129
162 130
331 131
268 132
270 133
295 134
676 135
805 136
235 137
246 138
371 139
