738 0
936 1
937 2
938 3
939 4
943 5
944 6
953 7
956 8
946 9
924 10
945 11
935 12
941 13
582 14
954 15
948 16
923 17
931 18
990 19
987 20
313 21
952 22
998 23
883 24
959 25
951 26
985 27
962 28
955 29
988 30
55 31
942 32
965 33
706 34
59 35
809 36
940 37
36 38
412 39
533 40
934 41
899 42
659 43
580 44
909 45
926 46
994 47
852 48
928 49
317 50
868 51
463 52
309 53
666 54
61 55
925 56
949 57
544 58
616 59
991 60
574 61
964 62
911 63
31 64
324 65
64 66
910 67
32 68
961 69
989 70
658 71
725 72
118 73
567 74
963 75
559 76
637 77
363 78
996 79
752 80
438 81
904 82
333 83
957 84
960 85
532 86
865 87
995 88
125 89
427 90
192 91
828 92
428 93
716 94
825 95
47 96
29 97
116 98
583 99
469 100
122 101
720 102
552 103
721 104
40 105
765 106
584 107
206 108
160 109
509 110
415 111
435 112
