104 0
232 1
330 2
331 3
335 4
336 5
338 6
355 7
356 8
359 9
358 10
231 11
357 12
337 13
280 14
348 15
333 16
298 17
217 18
264 19
332 20
272 21
360 22
278 23
106 24
271 25
354 26
244 27
287 28
286 29
463 30
373 31
284 32
269 33
169 34
86 35
371 36
230 37
152 38
362 39
85 40
239 41
372 42
345 43
212 44
987 45
273 46
299 47
150 48
341 49
224 50
270 51
350 52
185 53
279 54
259 55
157 56
285 57
263 58
48 59
369 60
353 61
176 62
361 63
342 64
98 65
585 66
281 67
294 68
383 69
209 70
7 71
258 72
192 73
334 74
195 75
274 76
249 77
379 78
227 79
204 80
384 81
448 82
138 83
998 84
291 85
172 86
276 87
282 88
256 89
10 90
151 91
522 92
81 93
8 94
293 95
245 96
205 97
343 98
133 99
382 100
277 101
795 102
250 103
996 104
160 105
218 106
183 107
378 108
203 109
296 110
267 111
381 112
182 113
181 114
105 115
225 116
34 117
155 118
21 119
180 120
162 121
377 122
283 123
82 124
39 125
83 126
731 127
200 128
363 129
596 130
228 131
186 132
166 133
233 134
514 135
261 136
850 137
845 138
30 139
216 140
68 141
380 142
9 143
18 144
170 145
984 146
456 147
24 148
222 149
198 150
179 151
235 152
102 153
247 154
248 155
364 156
175 157
144 158
349 159
208 160
15 161
154 162
351 163
257 164
168 165
171 166
