460 0
472 1
693 2
913 3
977 4
978 5
975 6
976 7
814 8
972 9
718 10
536 11
625 12
842 13
724 14
833 15
576 16
979 17
974 18
403 19
908 20
150 21
112 22
510 23
525 24
733 25
6 26
801 27
408 28
437 29
795 30
980 31
445 32
148 33
628 34
33 35
540 36
449 37
694 38
983 39
914 40
484 41
775 42
890 43
147 44
871 45
144 46
879 47
394 48
780 49
634 50
34 51
557 52
973 53
872 54
327 55
825 56
839 57
639 58
698 59
39 60
395 61
856 62
802 63
803 64
562 65
421 66
813 67
456 68
970 69
912 70
730 71
838 72
554 73
758 74
646 75
354 76
506 77
211 78
483 79
450 80
541 81
49 82
563 83
444 84
843 85
35 86
888 87
346 88
273 89
414 90
671 91
840 92
417 93
864 94
835 95
672 96
149 97
787 98
223 99
792 100
50 101
659 102
910 103
433 104
581 105
791 106
830 107
755 108
130 109
760 110
701 111
895 112
