230 0
231 1
244 2
259 3
260 4
261 5
263 6
264 7
232 8
157 9
256 10
253 11
151 12
235 13
258 14
227 15
154 16
169 17
249 18
223 19
207 20
239 21
158 22
283 23
192 24
174 25
676 26
162 27
284 28
273 29
255 30
250 31
217 32
200 33
195 34
208 35
245 36
333 37
229 38
338 39
248 40
279 41
341 42
205 43
224 44
220 45
160 46
247 47
234 48
104 49
214 50
332 51
170 52
222 53
172 54
240 55
225 56
285 57
176 58
218 59
257 60
163 61
173 62
345 63
219 64
186 65
175 66
204 67
238 68
361 69
184 70
196 71
852 72
254 73
226 74
267 75
277 76
266 77
368 78
203 79
199 80
336 81
241 82
213 83
242 84
865 85
167 86
179 87
369 88
9 89
155 90
161 91
274 92
164 93
805 94
362 95
265 96
351 97
342 98
823 99
215 100
291 101
790 102
233 103
212 104
168 105
237 106
280 107
188 108
