275 0
276 1
286 2
287 3
348 4
349 5
350 6
354 7
104 8
343 9
272 10
355 11
346 12
274 13
291 14
273 15
372 16
282 17
269 18
271 19
222 20
285 21
341 22
342 23
345 24
281 25
371 26
293 27
351 28
353 29
347 30
174 31
352 32
294 33
298 34
336 35
235 36
283 37
212 38
289 39
360 40
292 41
101 42
172 43
270 44
257 45
210 46
280 47
277 48
245 49
278 50
78 51
428 52
248 53
68 54
9 55
288 56
180 57
643 58
284 59
299 60
356 61
230 62
106 63
357 64
226 65
89 66
330 67
202 68
387 69
97 70
189 71
150 72
976 73
362 74
359 75
167 76
331 77
488 78
335 79
384 80
340 81
961 82
250 83
145 84
138 85
373 86
990 87
386 88
337 89
169 90
48 91
558 92
178 93
676 94
176 95
182 96
364 97
344 98
514 99
66 100
151 101
170 102
85 103
378 104
385 105
728 106
243 107
