403 0
404 1
405 2
471 3
657 4
744 5
847 6
895 7
908 8
408 9
812 10
586 11
628 12
417 13
833 14
536 15
733 16
557 17
517 18
460 19
863 20
701 21
864 22
913 23
978 24
682 25
437 26
820 27
147 28
668 29
21 30
418 31
450 32
705 33
835 34
980 35
466 36
600 37
727 38
562 39
830 40
832 41
491 42
867 43
879 44
595 45
755 46
413 47
540 48
672 49
764 50
758 51
814 52
541 53
856 54
730 55
634 56
525 57
621 58
137 59
807 60
499 61
898 62
920 63
538 64
603 65
561 66
582 67
87 68
506 69
158 70
497 71
751 72
975 73
4 74
919 75
843 76
575 77
535 78
476 79
449 80
729 81
690 82
584 83
778 84
708 85
862 86
974 87
89 88
469 89
140 90
656 91
489 92
484 93
866 94
816 95
703 96
693 97
510 98
632 99
625 100
389 101
950 102
829 103
554 104
428 105
803 106
604 107
448 108
132 109
447 110
845 111
488 112
977 113
602 114
840 115
740 116
563 117
723 118
726 119
146 120
914 121
880 122
724 123
787 124
970 125
