453 0
493 1
495 2
648 3
743 4
789 5
799 6
877 7
894 8
553 9
904 10
905 11
421 12
548 13
454 14
624 15
771 16
760 17
896 18
492 19
706 20
532 21
480 22
519 23
860 24
651 25
729 26
526 27
598 28
534 29
884 30
858 31
831 32
794 33
564 34
762 35
881 36
753 37
424 38
861 39
844 40
917 41
478 42
585 43
556 44
489 45
791 46
660 47
423 48
778 49
708 50
579 51
745 52
876 53
539 54
886 55
707 56
851 57
588 58
446 59
580 60
410 61
583 62
700 63
750 64
412 65
854 66
435 67
982 68
738 69
462 70
631 71
733 72
892 73
669 74
561 75
865 76
528 77
846 78
482 79
920 80
855 81
487 82
571 83
747 84
494 85
716 86
523 87
664 88
702 89
500 90
756 91
602 92
477 93
887 94
811 95
618 96
868 97
427 98
617 99
543 100
313 101
757 102
818 103
731 104
456 105
968 106
481 107
954 108
736 109
409 110
840 111
872 112
912 113
704 114
684 115
498 116
827 117
406 118
718 119
888 120
653 121
705 122
677 123
520 124
742 125
907 126
740 127
792 128
713 129
619 130
686 131
804 132
698 133
642 134
488 135
637 136
457 137
634 138
853 139
788 140
695 141
741 142
657 143
767 144
687 145
458 146
897 147
859 148
398 149
790 150
541 151
638 152
632 153
419 154
