151 0
171 1
172 2
174 3
179 4
180 5
195 6
225 7
227 8
237 9
242 10
243 11
245 12
253 13
254 14
262 15
158 16
246 17
236 18
235 19
173 20
159 21
223 22
208 23
234 24
268 25
263 26
264 27
168 28
165 29
163 30
176 31
209 32
676 33
273 34
248 35
162 36
211 37
210 38
852 39
284 40
249 41
178 42
247 43
240 44
161 45
250 46
232 47
166 48
182 49
154 50
341 51
157 52
170 53
164 54
205 55
355 56
167 57
184 58
217 59
238 60
104 61
169 62
196 63
197 64
274 65
224 66
214 67
359 68
285 69
212 70
261 71
229 72
286 73
255 74
207 75
199 76
252 77
251 78
338 79
192 80
259 81
202 82
785 83
186 84
241 85
811 86
377 87
514 88
257 89
463 90
269 91
106 92
219 93
380 94
203 95
206 96
267 97
160 98
348 99
332 100
260 101
189 102
156 103
356 104
185 105
220 106
177 107
51 108
434 109
191 110
457 111
265 112
230 113
231 114
150 115
282 116
256 117
244 118
381 119
898 120
929 121
188 122
358 123
275 124
278 125
281 126
728 127
346 128
371 129
667 130
226 131
213 132
198 133
350 134
354 135
339 136
291 137
215 138
271 139
797 140
193 141
4 142
643 143
239 144
155 145
361 146
345 147
738 148
420 149
296 150
655 151
23 152
428 153
200 154
805 155
539 156
552 157
365 158
21 159
34 160
201 161
233 162
749 163
218 164
837 165
7 166
287 167
333 168
190 169
534 170
364 171
384 172
522 173
330 174
375 175
343 176
568 177
183 178
352 179
298 180
700 181
390 182
770 183
876 184
697 185
353 186
391 187
721 188
690 189
383 190
961 191
447 192
369 193
366 194
216 195
750 196
280 197
283 198
478 199
